channel mapping
ch_idx	cobo	asad	aget	ch	det_idx	phi_number	side	strip
0	0	3	3	0	0	0	1	1
1	0	3	3	1	0	0	1	2
2	0	3	3	2	0	0	1	3
3	0	3	3	3	0	0	1	4
4	0	3	3	4	0	0	1	5
5	0	3	3	5	0	0	1	6
6	0	3	3	6	0	0	1	7
7	0	3	3	7	0	0	1	8
8	0	3	3	8	0	0	1	9
9	0	3	3	9	0	0	1	10
10	0	3	3	10	0	0	1	11
11	0	3	3	12	0	0	1	12
12	0	3	3	13	0	0	1	13
13	0	3	3	14	0	0	1	14
14	0	3	3	15	0	0	1	15
15	0	3	3	16	0	0	1	16
16	0	3	0	34	0	0	0	1
17	0	3	0	35	0	0	0	2
18	0	3	0	36	0	0	0	3
19	0	3	0	37	0	0	0	4
20	0	3	3	17	1	1	1	1
21	0	3	3	18	1	1	1	2
22	0	3	3	19	1	1	1	3
23	0	3	3	20	1	1	1	4
24	0	3	3	21	1	1	1	5
25	0	3	3	23	1	1	1	6
26	0	3	3	24	1	1	1	7
27	0	3	3	25	1	1	1	8
28	0	3	3	26	1	1	1	9
29	0	3	3	27	1	1	1	10
30	0	3	3	28	1	1	1	11
31	0	3	3	29	1	1	1	12
32	0	3	3	30	1	1	1	13
33	0	3	3	31	1	1	1	14
34	0	3	3	32	1	1	1	15
35	0	3	3	33	1	1	1	16
36	0	3	0	38	1	1	0	1
37	0	3	0	39	1	1	0	2
38	0	3	0	40	1	1	0	3
39	0	3	0	41	1	1	0	4
40	0	3	3	34	2	2	1	1
41	0	3	3	35	2	2	1	2
42	0	3	3	36	2	2	1	3
43	0	3	3	37	2	2	1	4
44	0	3	3	38	2	2	1	5
45	0	3	3	39	2	2	1	6
46	0	3	3	40	2	2	1	7
47	0	3	3	41	2	2	1	8
48	0	3	3	42	2	2	1	9
49	0	3	3	43	2	2	1	10
50	0	3	3	44	2	2	1	11
51	0	3	3	46	2	2	1	12
52	0	3	3	47	2	2	1	13
53	0	3	3	48	2	2	1	14
54	0	3	3	49	2	2	1	15
55	0	3	3	50	2	2	1	16
56	0	3	0	42	2	2	0	1
57	0	3	0	43	2	2	0	2
58	0	3	0	44	2	2	0	3
59	0	3	0	46	2	2	0	4
60	0	3	3	51	3	3	1	1
61	0	3	3	52	3	3	1	2
62	0	3	3	53	3	3	1	3
63	0	3	3	54	3	3	1	4
64	0	3	3	55	3	3	1	5
65	0	3	3	57	3	3	1	6
66	0	3	3	58	3	3	1	7
67	0	3	3	59	3	3	1	8
68	0	3	3	60	3	3	1	9
69	0	3	3	61	3	3	1	10
70	0	3	3	62	3	3	1	11
71	0	3	3	63	3	3	1	12
72	0	3	3	64	3	3	1	13
73	0	3	3	65	3	3	1	14
74	0	3	3	66	3	3	1	15
75	0	3	3	67	3	3	1	16
76	0	3	0	47	3	3	0	1
77	0	3	0	48	3	3	0	2
78	0	3	0	49	3	3	0	3
79	0	3	0	50	3	3	0	4
80	0	3	2	0	4	4	1	1
81	0	3	2	1	4	4	1	2
82	0	3	2	2	4	4	1	3
83	0	3	2	3	4	4	1	4
84	0	3	2	4	4	4	1	5
85	0	3	2	5	4	4	1	6
86	0	3	2	6	4	4	1	7
87	0	3	2	7	4	4	1	8
88	0	3	2	8	4	4	1	9
89	0	3	2	9	4	4	1	10
90	0	3	2	10	4	4	1	11
91	0	3	2	12	4	4	1	12
92	0	3	2	13	4	4	1	13
93	0	3	2	14	4	4	1	14
94	0	3	2	15	4	4	1	15
95	0	3	2	16	4	4	1	16
96	0	3	0	17	4	4	0	1
97	0	3	0	18	4	4	0	2
98	0	3	0	19	4	4	0	3
99	0	3	0	20	4	4	0	4
100	0	3	2	17	5	5	1	1
101	0	3	2	18	5	5	1	2
102	0	3	2	19	5	5	1	3
103	0	3	2	20	5	5	1	4
104	0	3	2	21	5	5	1	5
105	0	3	2	23	5	5	1	6
106	0	3	2	24	5	5	1	7
107	0	3	2	25	5	5	1	8
108	0	3	2	26	5	5	1	9
109	0	3	2	27	5	5	1	10
110	0	3	2	28	5	5	1	11
111	0	3	2	29	5	5	1	12
112	0	3	2	30	5	5	1	13
113	0	3	2	31	5	5	1	14
114	0	3	2	32	5	5	1	15
115	0	3	2	33	5	5	1	16
116	0	3	0	21	5	5	0	1
117	0	3	0	23	5	5	0	2
118	0	3	0	24	5	5	0	3
119	0	3	0	25	5	5	0	4
120	0	3	2	34	6	6	1	1
121	0	3	2	35	6	6	1	2
122	0	3	2	36	6	6	1	3
123	0	3	2	37	6	6	1	4
124	0	3	2	38	6	6	1	5
125	0	3	2	39	6	6	1	6
126	0	3	2	40	6	6	1	7
127	0	3	2	41	6	6	1	8
128	0	3	2	42	6	6	1	9
129	0	3	2	43	6	6	1	10
130	0	3	2	44	6	6	1	11
131	0	3	2	46	6	6	1	12
132	0	3	2	47	6	6	1	13
133	0	3	2	48	6	6	1	14
134	0	3	2	49	6	6	1	15
135	0	3	2	50	6	6	1	16
136	0	3	0	26	6	6	0	1
137	0	3	0	27	6	6	0	2
138	0	3	0	28	6	6	0	3
139	0	3	0	29	6	6	0	4
140	0	3	2	51	7	7	1	1
141	0	3	2	52	7	7	1	2
142	0	3	2	53	7	7	1	3
143	0	3	2	54	7	7	1	4
144	0	3	2	55	7	7	1	5
145	0	3	2	57	7	7	1	6
146	0	3	2	58	7	7	1	7
147	0	3	2	59	7	7	1	8
148	0	3	2	60	7	7	1	9
149	0	3	2	61	7	7	1	10
150	0	3	2	62	7	7	1	11
151	0	3	2	63	7	7	1	12
152	0	3	2	64	7	7	1	13
153	0	3	2	65	7	7	1	14
154	0	3	2	66	7	7	1	15
155	0	3	2	67	7	7	1	16
156	0	3	0	30	7	7	0	1
157	0	3	0	31	7	7	0	2
158	0	3	0	32	7	7	0	3
159	0	3	0	33	7	7	0	4
160	0	3	1	0	8	0	1	1
161	0	3	1	1	8	0	1	2
162	0	3	1	2	8	0	1	3
163	0	3	1	3	8	0	1	4
164	0	3	1	4	8	0	1	5
165	0	3	1	5	8	0	1	6
166	0	3	1	6	8	0	1	7
167	0	3	1	7	8	0	1	8
168	0	3	1	8	8	0	1	9
169	0	3	1	9	8	0	1	10
170	0	3	1	10	8	0	1	11
171	0	3	1	12	8	0	1	12
172	0	3	1	13	8	0	1	13
173	0	3	1	14	8	0	1	14
174	0	3	1	15	8	0	1	15
175	0	3	1	16	8	0	1	16
176	0	3	0	0	8	0	0	1
177	0	3	0	1	8	0	0	2
178	0	3	0	2	8	0	0	3
179	0	3	0	3	8	0	0	4
180	0	3	1	17	9	1	1	1
181	0	3	1	18	9	1	1	2
182	0	3	1	19	9	1	1	3
183	0	3	1	20	9	1	1	4
184	0	3	1	21	9	1	1	5
185	0	3	1	23	9	1	1	6
186	0	3	1	24	9	1	1	7
187	0	3	1	25	9	1	1	8
188	0	3	1	26	9	1	1	9
189	0	3	1	27	9	1	1	10
190	0	3	1	28	9	1	1	11
191	0	3	1	29	9	1	1	12
192	0	3	1	30	9	1	1	13
193	0	3	1	31	9	1	1	14
194	0	3	1	32	9	1	1	15
195	0	3	1	33	9	1	1	16
196	0	3	0	4	9	1	0	1
197	0	3	0	5	9	1	0	2
198	0	3	0	6	9	1	0	3
199	0	3	0	7	9	1	0	4
200	0	3	1	34	10	2	1	1
201	0	3	1	35	10	2	1	2
202	0	3	1	36	10	2	1	3
203	0	3	1	37	10	2	1	4
204	0	3	1	38	10	2	1	5
205	0	3	1	39	10	2	1	6
206	0	3	1	40	10	2	1	7
207	0	3	1	41	10	2	1	8
208	0	3	1	42	10	2	1	9
209	0	3	1	43	10	2	1	10
210	0	3	1	44	10	2	1	11
211	0	3	1	46	10	2	1	12
212	0	3	1	47	10	2	1	13
213	0	3	1	48	10	2	1	14
214	0	3	1	49	10	2	1	15
215	0	3	1	50	10	2	1	16
216	0	3	0	8	10	2	0	1
217	0	3	0	9	10	2	0	2
218	0	3	0	10	10	2	0	3
219	0	3	0	12	10	2	0	4
220	0	3	1	51	11	3	1	1
221	0	3	1	52	11	3	1	2
222	0	3	1	53	11	3	1	3
223	0	3	1	54	11	3	1	4
224	0	3	1	55	11	3	1	5
225	0	3	1	57	11	3	1	6
226	0	3	1	58	11	3	1	7
227	0	3	1	59	11	3	1	8
228	0	3	1	60	11	3	1	9
229	0	3	1	61	11	3	1	10
230	0	3	1	62	11	3	1	11
231	0	3	1	63	11	3	1	12
232	0	3	1	64	11	3	1	13
233	0	3	1	65	11	3	1	14
234	0	3	1	66	11	3	1	15
235	0	3	1	67	11	3	1	16
236	0	3	0	13	11	3	0	1
237	0	3	0	14	11	3	0	2
238	0	3	0	15	11	3	0	3
239	0	3	0	16	11	3	0	4
240	0	2	1	0	12	4	1	1
241	0	2	1	1	12	4	1	2
242	0	2	1	2	12	4	1	3
243	0	2	1	3	12	4	1	4
244	0	2	1	4	12	4	1	5
245	0	2	1	5	12	4	1	6
246	0	2	1	6	12	4	1	7
247	0	2	1	7	12	4	1	8
248	0	2	1	8	12	4	1	9
249	0	2	1	9	12	4	1	10
250	0	2	1	10	12	4	1	11
251	0	2	1	12	12	4	1	12
252	0	2	1	13	12	4	1	13
253	0	2	1	14	12	4	1	14
254	0	2	1	15	12	4	1	15
255	0	2	1	16	12	4	1	16
256	0	2	0	0	12	4	0	1
257	0	2	0	1	12	4	0	2
258	0	2	0	2	12	4	0	3
259	0	2	0	3	12	4	0	4
260	0	2	1	17	13	5	1	1
261	0	2	1	18	13	5	1	2
262	0	2	1	19	13	5	1	3
263	0	2	1	20	13	5	1	4
264	0	2	1	21	13	5	1	5
265	0	2	1	23	13	5	1	6
266	0	2	1	24	13	5	1	7
267	0	2	1	25	13	5	1	8
268	0	2	1	26	13	5	1	9
269	0	2	1	27	13	5	1	10
270	0	2	1	28	13	5	1	11
271	0	2	1	29	13	5	1	12
272	0	2	1	30	13	5	1	13
273	0	2	1	31	13	5	1	14
274	0	2	1	32	13	5	1	15
275	0	2	1	33	13	5	1	16
276	0	2	0	4	13	5	0	1
277	0	2	0	5	13	5	0	2
278	0	2	0	6	13	5	0	3
279	0	2	0	7	13	5	0	4
280	0	2	1	34	14	6	1	1
281	0	2	1	35	14	6	1	2
282	0	2	1	36	14	6	1	3
283	0	2	1	37	14	6	1	4
284	0	2	1	38	14	6	1	5
285	0	2	1	39	14	6	1	6
286	0	2	1	40	14	6	1	7
287	0	2	1	41	14	6	1	8
288	0	2	1	42	14	6	1	9
289	0	2	1	43	14	6	1	10
290	0	2	1	44	14	6	1	11
291	0	2	1	46	14	6	1	12
292	0	2	1	47	14	6	1	13
293	0	2	1	48	14	6	1	14
294	0	2	1	49	14	6	1	15
295	0	2	1	50	14	6	1	16
296	0	2	0	8	14	6	0	1
297	0	2	0	9	14	6	0	2
298	0	2	0	10	14	6	0	3
299	0	2	0	12	14	6	0	4
300	0	2	1	51	15	7	1	1
301	0	2	1	52	15	7	1	2
302	0	2	1	53	15	7	1	3
303	0	2	1	54	15	7	1	4
304	0	2	1	55	15	7	1	5
305	0	2	1	57	15	7	1	6
306	0	2	1	58	15	7	1	7
307	0	2	1	59	15	7	1	8
308	0	2	1	60	15	7	1	9
309	0	2	1	61	15	7	1	10
310	0	2	1	62	15	7	1	11
311	0	2	1	63	15	7	1	12
312	0	2	1	64	15	7	1	13
313	0	2	1	65	15	7	1	14
314	0	2	1	66	15	7	1	15
315	0	2	1	67	15	7	1	16
316	0	2	0	13	15	7	0	1
317	0	2	0	14	15	7	0	2
318	0	2	0	15	15	7	0	3
319	0	2	0	16	15	7	0	4
320	0	1	3	0	16	0	1	1
321	0	1	3	1	16	0	1	2
322	0	1	3	2	16	0	1	3
323	0	1	3	3	16	0	1	4
324	0	1	3	4	16	0	1	5
325	0	1	3	5	16	0	1	6
326	0	1	3	6	16	0	1	7
327	0	1	3	7	16	0	1	8
328	0	1	3	8	16	0	1	9
329	0	1	3	9	16	0	1	10
330	0	1	3	10	16	0	1	11
331	0	1	3	12	16	0	1	12
332	0	1	3	13	16	0	1	13
333	0	1	3	14	16	0	1	14
334	0	1	3	15	16	0	1	15
335	0	1	3	16	16	0	1	16
336	0	1	0	34	16	0	0	1
337	0	1	0	35	16	0	0	2
338	0	1	0	36	16	0	0	3
339	0	1	0	37	16	0	0	4
340	0	1	3	17	17	1	1	1
341	0	1	3	18	17	1	1	2
342	0	1	3	19	17	1	1	3
343	0	1	3	20	17	1	1	4
344	0	1	3	21	17	1	1	5
345	0	1	3	23	17	1	1	6
346	0	1	3	24	17	1	1	7
347	0	1	3	25	17	1	1	8
348	0	1	3	26	17	1	1	9
349	0	1	3	27	17	1	1	10
350	0	1	3	28	17	1	1	11
351	0	1	3	29	17	1	1	12
352	0	1	3	30	17	1	1	13
353	0	1	3	31	17	1	1	14
354	0	1	3	32	17	1	1	15
355	0	1	3	33	17	1	1	16
356	0	1	0	38	17	1	0	1
357	0	1	0	39	17	1	0	2
358	0	1	0	40	17	1	0	3
359	0	1	0	41	17	1	0	4
360	0	1	3	34	18	2	1	1
361	0	1	3	35	18	2	1	2
362	0	1	3	36	18	2	1	3
363	0	1	3	37	18	2	1	4
364	0	1	3	38	18	2	1	5
365	0	1	3	39	18	2	1	6
366	0	1	3	40	18	2	1	7
367	0	1	3	41	18	2	1	8
368	0	1	3	42	18	2	1	9
369	0	1	3	43	18	2	1	10
370	0	1	3	44	18	2	1	11
371	0	1	3	46	18	2	1	12
372	0	1	3	47	18	2	1	13
373	0	1	3	48	18	2	1	14
374	0	1	3	49	18	2	1	15
375	0	1	3	50	18	2	1	16
376	0	1	0	42	18	2	0	1
377	0	1	0	43	18	2	0	2
378	0	1	0	44	18	2	0	3
379	0	1	0	46	18	2	0	4
380	0	1	3	51	19	3	1	1
381	0	1	3	52	19	3	1	2
382	0	1	3	53	19	3	1	3
383	0	1	3	54	19	3	1	4
384	0	1	3	55	19	3	1	5
385	0	1	3	57	19	3	1	6
386	0	1	3	58	19	3	1	7
387	0	1	3	59	19	3	1	8
388	0	1	3	60	19	3	1	9
389	0	1	3	61	19	3	1	10
390	0	1	3	62	19	3	1	11
391	0	1	3	63	19	3	1	12
392	0	1	3	64	19	3	1	13
393	0	1	3	65	19	3	1	14
394	0	1	3	66	19	3	1	15
395	0	1	3	67	19	3	1	16
396	0	1	0	47	19	3	0	1
397	0	1	0	48	19	3	0	2
398	0	1	0	49	19	3	0	3
399	0	1	0	50	19	3	0	4
400	0	1	2	0	20	4	1	1
401	0	1	2	1	20	4	1	2
402	0	1	2	2	20	4	1	3
403	0	1	2	3	20	4	1	4
404	0	1	2	4	20	4	1	5
405	0	1	2	5	20	4	1	6
406	0	1	2	6	20	4	1	7
407	0	1	2	7	20	4	1	8
408	0	1	2	8	20	4	1	9
409	0	1	2	9	20	4	1	10
410	0	1	2	10	20	4	1	11
411	0	1	2	12	20	4	1	12
412	0	1	2	13	20	4	1	13
413	0	1	2	14	20	4	1	14
414	0	1	2	15	20	4	1	15
415	0	1	2	16	20	4	1	16
416	0	1	0	17	20	4	0	1
417	0	1	0	18	20	4	0	2
418	0	1	0	19	20	4	0	3
419	0	1	0	20	20	4	0	4
420	0	1	2	17	21	5	1	1
421	0	1	2	18	21	5	1	2
422	0	1	2	19	21	5	1	3
423	0	1	2	20	21	5	1	4
424	0	1	2	21	21	5	1	5
425	0	1	2	23	21	5	1	6
426	0	1	2	24	21	5	1	7
427	0	1	2	25	21	5	1	8
428	0	1	2	26	21	5	1	9
429	0	1	2	27	21	5	1	10
430	0	1	2	28	21	5	1	11
431	0	1	2	29	21	5	1	12
432	0	1	2	30	21	5	1	13
433	0	1	2	31	21	5	1	14
434	0	1	2	32	21	5	1	15
435	0	1	2	33	21	5	1	16
436	0	1	0	21	21	5	0	1
437	0	1	0	23	21	5	0	2
438	0	1	0	24	21	5	0	3
439	0	1	0	25	21	5	0	4
440	0	1	2	34	22	6	1	1
441	0	1	2	35	22	6	1	2
442	0	1	2	36	22	6	1	3
443	0	1	2	37	22	6	1	4
444	0	1	2	38	22	6	1	5
445	0	1	2	39	22	6	1	6
446	0	1	2	40	22	6	1	7
447	0	1	2	41	22	6	1	8
448	0	1	2	42	22	6	1	9
449	0	1	2	43	22	6	1	10
450	0	1	2	44	22	6	1	11
451	0	1	2	46	22	6	1	12
452	0	1	2	47	22	6	1	13
453	0	1	2	48	22	6	1	14
454	0	1	2	49	22	6	1	15
455	0	1	2	50	22	6	1	16
456	0	1	0	26	22	6	0	1
457	0	1	0	27	22	6	0	2
458	0	1	0	28	22	6	0	3
459	0	1	0	29	22	6	0	4
460	0	1	2	51	23	7	1	1
461	0	1	2	52	23	7	1	2
462	0	1	2	53	23	7	1	3
463	0	1	2	54	23	7	1	4
464	0	1	2	55	23	7	1	5
465	0	1	2	57	23	7	1	6
466	0	1	2	58	23	7	1	7
467	0	1	2	59	23	7	1	8
468	0	1	2	60	23	7	1	9
469	0	1	2	61	23	7	1	10
470	0	1	2	62	23	7	1	11
471	0	1	2	63	23	7	1	12
472	0	1	2	64	23	7	1	13
473	0	1	2	65	23	7	1	14
474	0	1	2	66	23	7	1	15
475	0	1	2	67	23	7	1	16
476	0	1	0	30	23	7	0	1
477	0	1	0	31	23	7	0	2
478	0	1	0	32	23	7	0	3
479	0	1	0	33	23	7	0	4
480	0	0	3	0	24	0	1	1
481	0	0	3	1	24	0	1	2
482	0	0	3	2	24	0	1	3
483	0	0	3	3	24	0	1	4
484	0	0	3	4	24	0	1	5
485	0	0	3	5	24	0	1	6
486	0	0	3	6	24	0	1	7
487	0	0	3	7	24	0	1	8
488	0	0	3	8	24	0	1	9
489	0	0	3	9	24	0	1	10
490	0	0	3	10	24	0	1	11
491	0	0	3	12	24	0	1	12
492	0	0	3	13	24	0	1	13
493	0	0	3	14	24	0	1	14
494	0	0	3	15	24	0	1	15
495	0	0	3	16	24	0	1	16
496	0	0	0	34	24	0	0	1
497	0	0	0	35	24	0	0	2
498	0	0	0	36	24	0	0	3
499	0	0	0	37	24	0	0	4
500	0	0	3	17	25	1	1	1
501	0	0	3	18	25	1	1	2
502	0	0	3	19	25	1	1	3
503	0	0	3	20	25	1	1	4
504	0	0	3	21	25	1	1	5
505	0	0	3	23	25	1	1	6
506	0	0	3	24	25	1	1	7
507	0	0	3	25	25	1	1	8
508	0	0	3	26	25	1	1	9
509	0	0	3	27	25	1	1	10
510	0	0	3	28	25	1	1	11
511	0	0	3	29	25	1	1	12
512	0	0	3	30	25	1	1	13
513	0	0	3	31	25	1	1	14
514	0	0	3	32	25	1	1	15
515	0	0	3	33	25	1	1	16
516	0	0	0	38	25	1	0	1
517	0	0	0	39	25	1	0	2
518	0	0	0	40	25	1	0	3
519	0	0	0	41	25	1	0	4
520	0	0	3	34	26	2	1	1
521	0	0	3	35	26	2	1	2
522	0	0	3	36	26	2	1	3
523	0	0	3	37	26	2	1	4
524	0	0	3	38	26	2	1	5
525	0	0	3	39	26	2	1	6
526	0	0	3	40	26	2	1	7
527	0	0	3	41	26	2	1	8
528	0	0	3	42	26	2	1	9
529	0	0	3	43	26	2	1	10
530	0	0	3	44	26	2	1	11
531	0	0	3	46	26	2	1	12
532	0	0	3	47	26	2	1	13
533	0	0	3	48	26	2	1	14
534	0	0	3	49	26	2	1	15
535	0	0	3	50	26	2	1	16
536	0	0	0	42	26	2	0	1
537	0	0	0	43	26	2	0	2
538	0	0	0	44	26	2	0	3
539	0	0	0	46	26	2	0	4
540	0	0	3	51	27	3	1	1
541	0	0	3	52	27	3	1	2
542	0	0	3	53	27	3	1	3
543	0	0	3	54	27	3	1	4
544	0	0	3	55	27	3	1	5
545	0	0	3	57	27	3	1	6
546	0	0	3	58	27	3	1	7
547	0	0	3	59	27	3	1	8
548	0	0	3	60	27	3	1	9
549	0	0	3	61	27	3	1	10
550	0	0	3	62	27	3	1	11
551	0	0	3	63	27	3	1	12
552	0	0	3	64	27	3	1	13
553	0	0	3	65	27	3	1	14
554	0	0	3	66	27	3	1	15
555	0	0	3	67	27	3	1	16
556	0	0	0	47	27	3	0	1
557	0	0	0	48	27	3	0	2
558	0	0	0	49	27	3	0	3
559	0	0	0	50	27	3	0	4
560	0	2	3	0	28	4	1	1
561	0	2	3	1	28	4	1	2
562	0	2	3	2	28	4	1	3
563	0	2	3	3	28	4	1	4
564	0	2	3	4	28	4	1	5
565	0	2	3	5	28	4	1	6
566	0	2	3	6	28	4	1	7
567	0	2	3	7	28	4	1	8
568	0	2	3	8	28	4	1	9
569	0	2	3	9	28	4	1	10
570	0	2	3	10	28	4	1	11
571	0	2	3	12	28	4	1	12
572	0	2	3	13	28	4	1	13
573	0	2	3	14	28	4	1	14
574	0	2	3	15	28	4	1	15
575	0	2	3	16	28	4	1	16
576	0	2	0	34	28	4	0	1
577	0	2	0	35	28	4	0	2
578	0	2	0	36	28	4	0	3
579	0	2	0	37	28	4	0	4
580	0	2	3	17	29	5	1	1
581	0	2	3	18	29	5	1	2
582	0	2	3	19	29	5	1	3
583	0	2	3	20	29	5	1	4
584	0	2	3	21	29	5	1	5
585	0	2	3	23	29	5	1	6
586	0	2	3	24	29	5	1	7
587	0	2	3	25	29	5	1	8
588	0	2	3	26	29	5	1	9
589	0	2	3	27	29	5	1	10
590	0	2	3	28	29	5	1	11
591	0	2	3	29	29	5	1	12
592	0	2	3	30	29	5	1	13
593	0	2	3	31	29	5	1	14
594	0	2	3	32	29	5	1	15
595	0	2	3	33	29	5	1	16
596	0	2	0	38	29	5	0	1
597	0	2	0	39	29	5	0	2
598	0	2	0	40	29	5	0	3
599	0	2	0	41	29	5	0	4
600	0	2	3	34	30	6	1	1
601	0	2	3	35	30	6	1	2
602	0	2	3	36	30	6	1	3
603	0	2	3	37	30	6	1	4
604	0	2	3	38	30	6	1	5
605	0	2	3	39	30	6	1	6
606	0	2	3	40	30	6	1	7
607	0	2	3	41	30	6	1	8
608	0	2	3	42	30	6	1	9
609	0	2	3	43	30	6	1	10
610	0	2	3	44	30	6	1	11
611	0	2	3	46	30	6	1	12
612	0	2	3	47	30	6	1	13
613	0	2	3	48	30	6	1	14
614	0	2	3	49	30	6	1	15
615	0	2	3	50	30	6	1	16
616	0	2	0	42	30	6	0	1
617	0	2	0	43	30	6	0	2
618	0	2	0	44	30	6	0	3
619	0	2	0	46	30	6	0	4
620	0	2	3	51	31	7	1	1
621	0	2	3	52	31	7	1	2
622	0	2	3	53	31	7	1	3
623	0	2	3	54	31	7	1	4
624	0	2	3	55	31	7	1	5
625	0	2	3	57	31	7	1	6
626	0	2	3	58	31	7	1	7
627	0	2	3	59	31	7	1	8
628	0	2	3	60	31	7	1	9
629	0	2	3	61	31	7	1	10
630	0	2	3	62	31	7	1	11
631	0	2	3	63	31	7	1	12
632	0	2	3	64	31	7	1	13
633	0	2	3	65	31	7	1	14
634	0	2	3	66	31	7	1	15
635	0	2	3	67	31	7	1	16
636	0	2	0	47	31	7	0	1
637	0	2	0	48	31	7	0	2
638	0	2	0	49	31	7	0	3
639	0	2	0	50	31	7	0	4
640	0	0	2	0	32	0	1	1
641	0	0	2	1	32	0	1	2
642	0	0	2	2	32	0	1	3
643	0	0	2	3	32	0	1	4
644	0	0	2	4	32	0	1	5
645	0	0	2	5	32	0	1	6
646	0	0	2	6	32	0	1	7
647	0	0	2	7	32	0	1	8
648	0	0	2	8	32	0	1	9
649	0	0	2	9	32	0	1	10
650	0	0	2	10	32	0	1	11
651	0	0	2	12	32	0	1	12
652	0	0	2	13	32	0	1	13
653	0	0	2	14	32	0	1	14
654	0	0	2	15	32	0	1	15
655	0	0	2	16	32	0	1	16
656	0	0	2	17	32	0	1	17
657	0	0	2	18	32	0	1	18
658	0	0	2	19	32	0	1	19
659	0	0	2	20	32	0	1	20
660	0	0	2	21	32	0	1	21
661	0	0	2	23	32	0	1	22
662	0	0	2	24	32	0	1	23
663	0	0	2	25	32	0	1	24
664	0	0	2	26	32	0	1	25
665	0	0	2	27	32	0	1	26
666	0	0	2	28	32	0	1	27
667	0	0	2	29	32	0	1	28
668	0	0	2	30	32	0	1	29
669	0	0	2	31	32	0	1	30
670	0	0	2	32	32	0	1	31
671	0	0	2	33	32	0	1	32
672	0	0	0	17	32	0	0	1
673	0	0	0	18	32	0	0	2
674	0	0	0	19	32	0	0	3
675	0	0	0	20	32	0	0	4
676	0	0	2	34	33	1	1	1
677	0	0	2	35	33	1	1	2
678	0	0	2	36	33	1	1	3
679	0	0	2	37	33	1	1	4
680	0	0	2	38	33	1	1	5
681	0	0	2	39	33	1	1	6
682	0	0	2	40	33	1	1	7
683	0	0	2	41	33	1	1	8
684	0	0	2	42	33	1	1	9
685	0	0	2	43	33	1	1	10
686	0	0	2	44	33	1	1	11
687	0	0	2	46	33	1	1	12
688	0	0	2	47	33	1	1	13
689	0	0	2	48	33	1	1	14
690	0	0	2	49	33	1	1	15
691	0	0	2	50	33	1	1	16
692	0	0	2	51	33	1	1	17
693	0	0	2	52	33	1	1	18
694	0	0	2	53	33	1	1	19
695	0	0	2	54	33	1	1	20
696	0	0	2	55	33	1	1	21
697	0	0	2	57	33	1	1	22
698	0	0	2	58	33	1	1	23
699	0	0	2	59	33	1	1	24
700	0	0	2	60	33	1	1	25
701	0	0	2	61	33	1	1	26
702	0	0	2	62	33	1	1	27
703	0	0	2	63	33	1	1	28
704	0	0	2	64	33	1	1	29
705	0	0	2	65	33	1	1	30
706	0	0	2	66	33	1	1	31
707	0	0	2	67	33	1	1	32
708	0	0	0	21	33	1	0	1
709	0	0	0	23	33	1	0	2
710	0	0	0	24	33	1	0	3
711	0	0	0	25	33	1	0	4
712	0	0	1	0	34	2	1	1
713	0	0	1	1	34	2	1	2
714	0	0	1	2	34	2	1	3
715	0	0	1	3	34	2	1	4
716	0	0	1	4	34	2	1	5
717	0	0	1	5	34	2	1	6
718	0	0	1	6	34	2	1	7
719	0	0	1	7	34	2	1	8
720	0	0	1	8	34	2	1	9
721	0	0	1	9	34	2	1	10
722	0	0	1	10	34	2	1	11
723	0	0	1	12	34	2	1	12
724	0	0	1	13	34	2	1	13
725	0	0	1	14	34	2	1	14
726	0	0	1	15	34	2	1	15
727	0	0	1	16	34	2	1	16
728	0	0	1	17	34	2	1	17
729	0	0	1	18	34	2	1	18
730	0	0	1	19	34	2	1	19
731	0	0	1	20	34	2	1	20
732	0	0	1	21	34	2	1	21
733	0	0	1	23	34	2	1	22
734	0	0	1	24	34	2	1	23
735	0	0	1	25	34	2	1	24
736	0	0	1	26	34	2	1	25
737	0	0	1	27	34	2	1	26
738	0	0	1	28	34	2	1	27
739	0	0	1	29	34	2	1	28
740	0	0	1	30	34	2	1	29
741	0	0	1	31	34	2	1	30
742	0	0	1	32	34	2	1	31
743	0	0	1	33	34	2	1	32
744	0	0	0	0	34	2	0	1
745	0	0	0	1	34	2	0	2
746	0	0	0	2	34	2	0	3
747	0	0	0	3	34	2	0	4
748	0	0	1	34	35	3	1	1
749	0	0	1	35	35	3	1	2
750	0	0	1	36	35	3	1	3
751	0	0	1	37	35	3	1	4
752	0	0	1	38	35	3	1	5
753	0	0	1	39	35	3	1	6
754	0	0	1	40	35	3	1	7
755	0	0	1	41	35	3	1	8
756	0	0	1	42	35	3	1	9
757	0	0	1	43	35	3	1	10
758	0	0	1	44	35	3	1	11
759	0	0	1	46	35	3	1	12
760	0	0	1	47	35	3	1	13
761	0	0	1	48	35	3	1	14
762	0	0	1	49	35	3	1	15
763	0	0	1	50	35	3	1	16
764	0	0	1	51	35	3	1	17
765	0	0	1	52	35	3	1	18
766	0	0	1	53	35	3	1	19
767	0	0	1	54	35	3	1	20
768	0	0	1	55	35	3	1	21
769	0	0	1	57	35	3	1	22
770	0	0	1	58	35	3	1	23
771	0	0	1	59	35	3	1	24
772	0	0	1	60	35	3	1	25
773	0	0	1	61	35	3	1	26
774	0	0	1	62	35	3	1	27
775	0	0	1	63	35	3	1	28
776	0	0	1	64	35	3	1	29
777	0	0	1	65	35	3	1	30
778	0	0	1	66	35	3	1	31
779	0	0	1	67	35	3	1	32
780	0	0	0	4	35	3	0	1
781	0	0	0	5	35	3	0	2
782	0	0	0	6	35	3	0	3
783	0	0	0	7	35	3	0	4
784	0	2	2	0	36	0	1	1
785	0	2	2	1	36	0	1	2
786	0	2	2	2	36	0	1	3
787	0	2	2	3	36	0	1	4
788	0	2	2	4	36	0	1	5
789	0	2	2	5	36	0	1	6
790	0	2	2	6	36	0	1	7
791	0	2	2	7	36	0	1	8
792	0	2	2	8	36	0	1	9
793	0	2	2	9	36	0	1	10
794	0	2	2	10	36	0	1	11
795	0	2	2	12	36	0	1	12
796	0	2	2	13	36	0	1	13
797	0	2	2	14	36	0	1	14
798	0	2	2	15	36	0	1	15
799	0	2	2	16	36	0	1	16
800	0	2	0	17	36	0	0	1
801	0	2	0	18	36	0	0	2
802	0	2	0	19	36	0	0	3
803	0	2	0	20	36	0	0	4
804	0	2	2	17	37	1	1	1
805	0	2	2	18	37	1	1	2
806	0	2	2	19	37	1	1	3
807	0	2	2	20	37	1	1	4
808	0	2	2	21	37	1	1	5
809	0	2	2	23	37	1	1	6
810	0	2	2	24	37	1	1	7
811	0	2	2	25	37	1	1	8
812	0	2	2	26	37	1	1	9
813	0	2	2	27	37	1	1	10
814	0	2	2	28	37	1	1	11
815	0	2	2	29	37	1	1	12
816	0	2	2	30	37	1	1	13
817	0	2	2	31	37	1	1	14
818	0	2	2	32	37	1	1	15
819	0	2	2	33	37	1	1	16
820	0	2	0	21	37	1	0	1
821	0	2	0	23	37	1	0	2
822	0	2	0	24	37	1	0	3
823	0	2	0	25	37	1	0	4
824	0	2	2	34	38	2	1	1
825	0	2	2	35	38	2	1	2
826	0	2	2	36	38	2	1	3
827	0	2	2	37	38	2	1	4
828	0	2	2	38	38	2	1	5
829	0	2	2	39	38	2	1	6
830	0	2	2	40	38	2	1	7
831	0	2	2	41	38	2	1	8
832	0	2	2	42	38	2	1	9
833	0	2	2	43	38	2	1	10
834	0	2	2	44	38	2	1	11
835	0	2	2	46	38	2	1	12
836	0	2	2	47	38	2	1	13
837	0	2	2	48	38	2	1	14
838	0	2	2	49	38	2	1	15
839	0	2	2	50	38	2	1	16
840	0	2	0	26	38	2	0	1
841	0	2	0	27	38	2	0	2
842	0	2	0	28	38	2	0	3
843	0	2	0	29	38	2	0	4
844	0	2	2	51	39	3	1	1
845	0	2	2	52	39	3	1	2
846	0	2	2	53	39	3	1	3
847	0	2	2	54	39	3	1	4
848	0	2	2	55	39	3	1	5
849	0	2	2	57	39	3	1	6
850	0	2	2	58	39	3	1	7
851	0	2	2	59	39	3	1	8
852	0	2	2	60	39	3	1	9
853	0	2	2	61	39	3	1	10
854	0	2	2	62	39	3	1	11
855	0	2	2	63	39	3	1	12
856	0	2	2	64	39	3	1	13
857	0	2	2	65	39	3	1	14
858	0	2	2	66	39	3	1	15
859	0	2	2	67	39	3	1	16
860	0	2	0	30	39	3	0	1
861	0	2	0	31	39	3	0	2
862	0	2	0	32	39	3	0	3
863	0	2	0	33	39	3	0	4
864	0	1	1	0	40	4	1	1
865	0	1	1	1	40	4	1	2
866	0	1	1	2	40	4	1	3
867	0	1	1	3	40	4	1	4
868	0	1	1	4	40	4	1	5
869	0	1	1	5	40	4	1	6
870	0	1	1	6	40	4	1	7
871	0	1	1	7	40	4	1	8
872	0	1	1	8	40	4	1	9
873	0	1	1	9	40	4	1	10
874	0	1	1	10	40	4	1	11
875	0	1	1	12	40	4	1	12
876	0	1	1	13	40	4	1	13
877	0	1	1	14	40	4	1	14
878	0	1	1	15	40	4	1	15
879	0	1	1	16	40	4	1	16
880	0	1	0	0	40	4	0	1
881	0	1	0	1	40	4	0	2
882	0	1	0	2	40	4	0	3
883	0	1	0	3	40	4	0	4
884	0	1	1	17	41	5	1	1
885	0	1	1	18	41	5	1	2
886	0	1	1	19	41	5	1	3
887	0	1	1	20	41	5	1	4
888	0	1	1	21	41	5	1	5
889	0	1	1	23	41	5	1	6
890	0	1	1	24	41	5	1	7
891	0	1	1	25	41	5	1	8
892	0	1	1	26	41	5	1	9
893	0	1	1	27	41	5	1	10
894	0	1	1	28	41	5	1	11
895	0	1	1	29	41	5	1	12
896	0	1	1	30	41	5	1	13
897	0	1	1	31	41	5	1	14
898	0	1	1	32	41	5	1	15
899	0	1	1	33	41	5	1	16
900	0	1	0	4	41	5	0	1
901	0	1	0	5	41	5	0	2
902	0	1	0	6	41	5	0	3
903	0	1	0	7	41	5	0	4
904	0	1	1	34	42	6	1	1
905	0	1	1	35	42	6	1	2
906	0	1	1	36	42	6	1	3
907	0	1	1	37	42	6	1	4
908	0	1	1	38	42	6	1	5
909	0	1	1	39	42	6	1	6
910	0	1	1	40	42	6	1	7
911	0	1	1	41	42	6	1	8
912	0	1	1	42	42	6	1	9
913	0	1	1	43	42	6	1	10
914	0	1	1	44	42	6	1	11
915	0	1	1	46	42	6	1	12
916	0	1	1	47	42	6	1	13
917	0	1	1	48	42	6	1	14
918	0	1	1	49	42	6	1	15
919	0	1	1	50	42	6	1	16
920	0	1	0	8	42	6	0	1
921	0	1	0	9	42	6	0	2
922	0	1	0	10	42	6	0	3
923	0	1	0	12	42	6	0	4
924	0	1	1	51	43	7	1	1
925	0	1	1	52	43	7	1	2
926	0	1	1	53	43	7	1	3
927	0	1	1	54	43	7	1	4
928	0	1	1	55	43	7	1	5
929	0	1	1	57	43	7	1	6
930	0	1	1	58	43	7	1	7
931	0	1	1	59	43	7	1	8
932	0	1	1	60	43	7	1	9
933	0	1	1	61	43	7	1	10
934	0	1	1	62	43	7	1	11
935	0	1	1	63	43	7	1	12
936	0	1	1	64	43	7	1	13
937	0	1	1	65	43	7	1	14
938	0	1	1	66	43	7	1	15
939	0	1	1	67	43	7	1	16
940	0	1	0	13	43	7	0	1
941	0	1	0	14	43	7	0	2
942	0	1	0	15	43	7	0	3
943	0	1	0	16	43	7	0	4
