# det side strip entries b0 b1 b2
5 0 0 384 5.486 0 0
5 0 1 422 5.486 0 0
5 0 2 422 5.486 0 0
5 0 3 430 5.486 0 0
5 0 4 431 5.486 0 0
5 0 5 435 5.486 0 0
5 0 6 438 5.486 0 0
5 0 7 402 5.486 0 0
8 0 0 226 5.486 0 0
8 0 1 262 5.486 0 0
8 0 2 279 5.486 0 0
8 0 3 276 5.486 0 0
8 0 4 297 5.486 0 0
8 0 5 257 5.486 0 0
8 0 6 283 5.486 0 0
8 0 7 229 5.486 0 0
9 0 0 1079 5.58113028717 -0.264106079062 -0.130150113183
9 0 1 1015 5.53579640808 -0.0655847046917 -0.0244349831949
9 0 2 1023 5.47715108471 -0.10536990377 0.189315549059
9 0 3 949 5.47339278321 -0.176584037055 0.222470367802
9 0 4 1036 5.49591742176 -0.165812870845 0.12072624619
9 0 5 1008 5.33504957703 -2.64335467444 -3.99151542088
9 0 6 1033 5.47581868971 0.0556068201577 0.432050696342
9 0 7 886 5.53267375416 -0.223051633998 -0.2619605251
10 0 0 0 5.486 0 0
10 0 1 0 5.486 0 0
10 0 2 0 5.486 0 0
10 0 3 0 5.486 0 0
10 0 4 0 5.486 0 0
10 0 5 0 5.486 0 0
10 0 6 0 5.486 0 0
10 0 7 0 5.486 0 0
11 0 0 1838 5.66452886867 -0.570085681587 -1.76110256128
11 0 1 1730 5.54768465261 -0.115043838915 -0.249490379046
11 0 2 1727 5.56428140611 -0.244550615344 -0.428858552889
11 0 3 1651 5.6198059363 -0.228807533444 -0.568776025804
11 0 4 1637 5.54260710247 -0.0635237599111 -0.348472339768
11 0 5 1497 5.54309178622 -0.0694596869057 -0.180308818148
11 0 6 1446 5.53370153513 -0.112699072055 -0.0470858607265
11 0 7 1364 5.54448511928 -0.05648904535 0.0127337754814
14 0 0 0 5.486 0 0
14 0 1 0 5.486 0 0
14 0 2 0 5.486 0 0
14 0 3 0 5.486 0 0
14 0 4 0 5.486 0 0
14 0 5 0 5.486 0 0
14 0 6 0 5.486 0 0
14 0 7 0 5.486 0 0
15 0 0 1065 5.486 0 0
15 0 1 1261 5.4625637435 -0.684750521322 0.240311610599
15 0 2 1214 5.47297509768 -0.0325926713916 0.649953203678
15 0 3 1241 5.53548989985 -0.212439418285 -0.0256281277284
15 0 4 1372 5.5504512288 -0.0375434521536 0.197825642802
15 0 5 1308 5.41278709781 -0.0353807979582 0.380751843579
15 0 6 1442 5.55311552543 -0.317485198067 0.0845553398818
15 0 7 1463 5.56496550831 -0.261195446671 -0.0813015834726
16 0 0 418 5.486 0 0
16 0 1 455 5.486 0 0
16 0 2 464 5.486 0 0
16 0 3 480 5.486 0 0
16 0 4 441 5.486 0 0
16 0 5 452 5.486 0 0
16 0 6 426 5.486 0 0
16 0 7 418 5.486 0 0
17 0 0 475 5.486 0 0
17 0 1 443 5.486 0 0
17 0 2 480 5.486 0 0
17 0 3 441 5.486 0 0
17 0 4 498 5.486 0 0
17 0 5 460 5.486 0 0
17 0 6 513 5.486 0 0
17 0 7 472 5.486 0 0
18 0 0 2146 5.43845486897 -0.0285600872483 -1.58992879067
18 0 1 2535 5.52502203691 -1.20919861008 0.985504476584
18 0 2 2654 5.57763520115 -0.781409178582 0.12046482986
18 0 3 2441 5.49204357931 -0.463119676678 0.563856784798
18 0 4 2539 5.525900563 -0.563965273784 0.264840068354
18 0 5 2298 5.52404117572 -0.297185059476 0.0476772606281
18 0 6 2310 5.5653415733 -0.4876976074 -0.135894951369
18 0 7 2091 5.50822485812 -0.688359184672 -0.0313048321768
19 0 0 0 5.486 0 0
19 0 1 0 5.486 0 0
19 0 2 0 5.486 0 0
19 0 3 0 5.486 0 0
19 0 4 0 5.486 0 0
19 0 5 0 5.486 0 0
19 0 6 970 5.95296693281 2.20546799274 3.0602689255
19 0 7 1013 5.59665903662 -0.202999461634 -0.162613202716
20 0 0 2315 5.56513231312 -0.366572849925 -0.202085134214
20 0 1 2315 5.56669322206 -0.385930283285 -0.0475502838644
20 0 2 2239 5.60472708023 -0.509757073403 0.213808267782
20 0 3 2174 5.57017767373 -0.256721098157 0.200113414468
20 0 4 2041 5.56051617266 -0.292862606638 -0.0254219159221
20 0 5 1905 5.51336528125 -0.208948763638 0.0659637884683
20 0 6 1823 5.51891301178 -0.236082715138 0.114369456179
20 0 7 1774 5.53554629415 -0.305618879544 0.0238331416706
21 0 0 808 5.22583849192 -3.03929830235 -6.00430718077
21 0 1 893 5.56712505254 -0.146708999414 0.197739238576
21 0 2 941 5.53500128176 -0.205479827028 0.28739561218
21 0 3 847 5.31840829304 -0.46481643913 1.23641004305
21 0 4 857 5.486 0 0
21 0 5 859 5.51354499144 -0.366430757055 0.221659885423
21 0 6 881 5.61564680193 -0.469119665947 -0.683234293791
21 0 7 875 5.50358593858 -0.177058695205 0.162325078754
22 0 0 1646 5.50569749843 -0.365892283569 -0.0895675902354
22 0 1 1674 5.5142978748 -0.366988013635 0.249220102339
22 0 2 1800 5.52071580546 -0.348540199086 0.159898684344
22 0 3 1849 5.50161790788 -0.356708720342 0.25376117624
22 0 4 2052 5.52860973318 -0.629639553671 0.0385839925881
22 0 5 1984 5.54757930966 -0.29666046687 0.402999443083
22 0 6 2338 5.57544115429 -0.406411512458 0.0597403783953
22 0 7 2208 5.4385932785 -0.618258139205 0.813368412015
23 0 0 0 5.486 0 0
23 0 1 2294 5.52535584092 -0.754181804694 0.436199986359
23 0 2 2397 5.52458301169 -0.655935902193 0.507695131173
23 0 3 2342 5.56759164434 -0.660707194581 0.0839367968788
23 0 4 2540 5.57573550278 -0.868198285162 0.22206978935
23 0 5 2457 5.54422968959 -0.659455605692 0.241541260001
23 0 6 2653 5.54857550444 -0.602435900428 0.419425483657
23 0 7 2623 5.28296278326 -1.27686720273 0.702150333079
26 0 0 1660 5.59905798908 -0.374651802813 0.0956114499375
26 0 1 1468 5.46803901105 -0.202061418748 0.401374612687
26 0 2 1428 5.47912702383 -0.671202528002 -0.377706232635
26 0 3 1387 5.52749076824 -0.26993620552 0.341694053642
26 0 4 1333 5.56009309593 -0.541673282162 0.225891881491
26 0 5 1262 5.53312960352 -0.304196793498 0.504176571169
26 0 6 1293 5.46547712057 -0.349762364484 -0.187341118748
26 0 7 1217 5.54573350486 -0.351351282833 0.384842180151
27 0 0 0 5.486 0 0
27 0 1 0 5.486 0 0
27 0 2 0 5.486 0 0
27 0 3 0 5.486 0 0
27 0 4 0 5.486 0 0
27 0 5 0 5.486 0 0
27 0 6 0 5.486 0 0
27 0 7 0 5.486 0 0
29 0 0 0 5.486 0 0
29 0 1 1436 5.52307273413 -0.334174230122 -0.239533582942
29 0 2 1522 5.54259085689 -0.151119569207 -0.0224881862639
29 0 3 1655 5.53241145101 -0.302000606444 0.0265109644646
29 0 4 1657 5.55079925662 -0.340240121792 -0.0349515219992
29 0 5 1688 5.53380656123 -0.214127959406 0.0661065933832
29 0 6 1783 5.48716765869 -0.272911297777 0.297365480352
29 0 7 1781 5.50774445603 -0.453358196273 0.244634475958
30 0 0 269 5.486 0 0
30 0 1 271 5.486 0 0
30 0 2 297 5.486 0 0
30 0 3 282 5.486 0 0
30 0 4 283 5.486 0 0
30 0 5 287 5.486 0 0
30 0 6 297 5.486 0 0
30 0 7 327 5.486 0 0
31 0 0 549 5.486 0 0
31 0 1 551 5.486 0 0
31 0 2 636 5.486 0 0
31 0 3 640 5.486 0 0
31 0 4 615 5.486 0 0
31 0 5 620 5.486 0 0
31 0 6 682 5.486 0 0
31 0 7 643 5.486 0 0
33 0 0 324 5.486 0 0
33 0 1 364 5.486 0 0
33 0 2 363 5.486 0 0
33 0 3 329 5.486 0 0
33 0 4 340 5.486 0 0
33 0 5 298 5.486 0 0
33 0 6 334 5.486 0 0
33 0 7 309 5.486 0 0
34 0 0 608 5.486 0 0
34 0 1 601 5.486 0 0
34 0 2 685 4.06445792096 -4.99216073854 -4.09002559802
34 0 3 589 5.486 0 0
34 0 4 617 5.486 0 0
34 0 5 577 5.486 0 0
34 0 6 639 5.486 0 0
34 0 7 604 5.486 0 0
35 0 0 454 5.486 0 0
35 0 1 427 5.486 0 0
35 0 2 443 5.486 0 0
35 0 3 442 5.486 0 0
35 0 4 414 5.486 0 0
35 0 5 452 5.486 0 0
35 0 6 438 5.486 0 0
35 0 7 397 5.486 0 0
37 0 0 766 5.486 0 0
37 0 1 832 5.51476184645 -0.289047976056 -0.146558631937
37 0 2 789 5.486 0 0
37 0 3 796 5.486 0 0
37 0 4 781 5.486 0 0
37 0 5 731 5.486 0 0
37 0 6 833 5.486 0 0
37 0 7 761 5.16193150527 -4.68762621449 -7.03658135672
38 0 0 837 5.486 0 0
38 0 1 809 5.486 0 0
38 0 2 779 4.81093197584 -2.94077639966 -2.65713164258
38 0 3 736 5.486 0 0
38 0 4 717 4.80557785403 -3.56965315458 -3.93919615007
38 0 5 746 5.486 0 0
38 0 6 649 5.486 0 0
38 0 7 639 5.486 0 0
39 0 0 446 5.486 0 0
39 0 1 1791 5.486 0 0
39 0 2 724 5.486 0 0
39 0 3 428 5.486 0 0
39 0 4 476 5.486 0 0
39 0 5 497 19.9931773198 151.774798864 375.093961331
39 0 6 546 196.157721508 688.004874034 619.464248398
39 0 7 504 5.486 0 0
40 0 0 638 5.486 0 0
40 0 1 670 5.486 0 0
40 0 2 628 5.486 0 0
40 0 3 721 5.60415658377 0.134689437741 0.40102896635
40 0 4 719 5.486 0 0
40 0 5 689 5.486 0 0
40 0 6 747 -11.7508490502 -89.3862788709 -111.240869864
40 0 7 757 5.486 0 0
41 0 0 0 5.486 0 0
41 0 1 0 5.486 0 0
41 0 2 0 5.486 0 0
41 0 3 0 5.486 0 0
41 0 4 0 5.486 0 0
41 0 5 0 5.486 0 0
41 0 6 0 5.486 0 0
41 0 7 0 5.486 0 0
42 0 0 163 5.486 0 0
42 0 1 166 5.486 0 0
42 0 2 163 5.486 0 0
42 0 3 152 5.486 0 0
42 0 4 139 5.486 0 0
42 0 5 166 5.486 0 0
42 0 6 140 5.486 0 0
42 0 7 148 5.486 0 0
43 0 0 0 5.486 0 0
43 0 1 0 5.486 0 0
43 0 2 0 5.486 0 0
43 0 3 0 5.486 0 0
43 0 4 0 5.486 0 0
43 0 5 0 5.486 0 0
43 0 6 0 5.486 0 0
43 0 7 0 5.486 0 0
44 0 0 0 5.486 0 0
44 0 1 0 5.486 0 0
44 0 2 0 5.486 0 0
44 0 3 0 5.486 0 0
44 0 4 953 5.49202719969 -0.77109489655 -0.55433827215
44 0 5 932 5.44584674163 -0.710799553127 -0.713644450414
44 0 6 892 5.53218262318 -1.0472457828 -1.94875372716
44 0 7 801 5.47872169202 0.899661674878 1.91884528781
45 0 0 0 5.486 0 0
45 0 1 0 5.486 0 0
45 0 2 0 5.486 0 0
45 0 3 0 5.486 0 0
45 0 4 0 5.486 0 0
45 0 5 0 5.486 0 0
45 0 6 0 5.486 0 0
45 0 7 0 5.486 0 0
46 0 0 840 5.486 0 0
46 0 1 849 5.486 0 0
46 0 2 828 5.486 0 0
46 0 3 815 5.486 0 0
46 0 4 798 5.486 0 0
46 0 5 753 5.486 0 0
46 0 6 748 5.486 0 0
46 0 7 728 5.486 0 0
48 0 0 406 5.486 0 0
48 0 1 423 5.486 0 0
48 0 2 432 5.486 0 0
48 0 3 425 5.486 0 0
48 0 4 478 5.486 0 0
48 0 5 467 5.486 0 0
48 0 6 385 5.486 0 0
48 0 7 409 5.486 0 0
49 0 0 268 5.486 0 0
49 0 1 292 5.486 0 0
49 0 2 268 5.486 0 0
49 0 3 287 5.486 0 0
49 0 4 262 5.486 0 0
49 0 5 235 5.486 0 0
49 0 6 253 5.486 0 0
49 0 7 249 5.486 0 0
50 0 0 709 5.486 0 0
50 0 1 774 5.486 0 0
50 0 2 796 5.486 0 0
50 0 3 751 5.486 0 0
50 0 4 839 5.486 0 0
50 0 5 875 5.08924532445 -1.65075569129 -1.2883525824
50 0 6 824 5.486 0 0
50 0 7 853 5.53505244814 0.17969833873 0.870921926389
60 0 0 762 5.486 0 0
60 0 1 786 5.486 0 0
60 0 2 762 5.53327185285 0.004154784665 0.323271281998
60 0 3 801 5.486 0 0
60 0 4 778 5.486 0 0
60 0 5 821 5.486 0 0
60 0 6 821 6.08862806784 1.53522847096 1.48871145963
60 0 7 824 5.73018932428 -0.0637742765167 -0.0586235378405
139 0 0 853 5.486 0 0
139 0 1 798 5.486 0 0
139 0 2 826 5.486 0 0
139 0 3 767 5.486 0 0
139 0 4 873 5.486 0 0
139 0 5 846 5.486 0 0
139 0 6 813 5.486 0 0
139 0 7 769 5.90528672883 1.64383610608 2.32281052211
141 0 0 0 5.486 0 0
141 0 1 0 5.486 0 0
141 0 2 0 5.486 0 0
141 0 3 0 5.486 0 0
141 0 4 0 5.486 0 0
141 0 5 0 5.486 0 0
141 0 6 0 5.486 0 0
141 0 7 0 5.486 0 0
142 0 0 0 5.486 0 0
142 0 1 0 5.486 0 0
142 0 2 0 5.486 0 0
142 0 3 0 5.486 0 0
142 0 4 0 5.486 0 0
142 0 5 0 5.486 0 0
142 0 6 0 5.486 0 0
142 0 7 0 5.486 0 0
