# det side strip entries intercept slope
5 0 0 384 0.122969686554 0.972532658972
5 0 1 422 0.125704349568 0.970427320127
5 0 2 422 0.130690318718 0.964044367393
5 0 3 430 0.177822276747 0.959923697248
5 0 4 431 0.140096768335 0.971832352827
5 0 5 435 0.123942953622 0.974269474797
5 0 6 438 0.140742614644 0.970142189599
5 0 7 402 0.140368948219 0.971407133807
8 0 0 226 0.224157423017 0.958858176556
8 0 1 262 0.47217904114 0.917362927616
8 0 2 279 0.535714283301 0.898272009373
8 0 3 276 0.354642796515 0.934364120982
8 0 4 297 0.371253099409 0.934871104891
8 0 5 257 0.37155160792 0.938346501804
8 0 6 283 0.359729469005 0.92774062717
8 0 7 229 1255128.0518 -264412.742779
9 0 0 1079 0.158501026172 0.971962091356
9 0 1 1015 0.0611468713438 0.992210722637
9 0 2 1023 0.0421873331954 0.990551653221
9 0 3 949 0.0736279215966 0.984782053437
9 0 4 1036 0.0715062360437 0.98528009266
9 0 5 1008 0.0332831307378 1.02889143814
9 0 6 1033 0.110622106382 0.975026118093
9 0 7 886 0.106624852241 0.977125738394
10 0 0 0 0 1
10 0 1 0 0 1
10 0 2 0 0 1
10 0 3 0 0 1
10 0 4 0 0 1
10 0 5 0 0 1
10 0 6 0 0 1
10 0 7 0 0 1
11 0 0 1838 0.0483509981213 0.996917806572
11 0 1 1730 0.11283413531 0.978973150516
11 0 2 1727 0.127668716564 0.974024155354
11 0 3 1651 0.123221624597 0.981473289587
11 0 4 1637 0.116689583056 0.976423550042
11 0 5 1497 0.128814351909 0.977100709003
11 0 6 1446 0.107678435318 0.980838447568
11 0 7 1364 0.107210683651 0.983904544841
14 0 0 0 0 1
14 0 1 0 0 1
14 0 2 0 0 1
14 0 3 0 0 1
14 0 4 0 0 1
14 0 5 0 0 1
14 0 6 0 0 1
14 0 7 0 0 1
15 0 0 1065 4.0581149066 0.260144590589
15 0 1 1261 -0.0162405280197 0.994748931964
15 0 2 1214 0.0958168312785 0.963357294369
15 0 3 1241 0.100710205906 0.972731125903
15 0 4 1372 0.0835339640123 0.97979502586
15 0 5 1308 0.0721227125324 0.975672176386
15 0 6 1442 0.135092832622 0.975144485173
15 0 7 1463 0.142284767522 0.975849667731
16 0 0 418 0.0845700814779 0.97734472696
16 0 1 455 0.0955649252589 0.978800619804
16 0 2 464 0.1235498867 0.973120358311
16 0 3 480 0.112400172663 0.973948145213
16 0 4 441 0.128643968206 0.974191471146
16 0 5 452 0.124359255325 0.970320565096
16 0 6 426 0.113753678114 0.972241506344
16 0 7 418 0.0975891204977 0.971691188436
17 0 0 475 0.143907101441 0.964046110436
17 0 1 443 0.114248058154 0.968436467594
17 0 2 480 0.151031924586 0.966429346302
17 0 3 441 0.170596628842 0.956465797595
17 0 4 498 0.123186808086 0.967170364615
17 0 5 460 0.121728993303 0.971897715435
17 0 6 513 0.045141460694 0.993686551395
17 0 7 472 0.117288182745 0.976342834665
18 0 0 2146 -17.8826544317 4.12137260334
18 0 1 2535 0.027579397298 0.99570445132
18 0 2 2654 0.107980560941 0.971351764806
18 0 3 2441 0.111457313327 0.970803414319
18 0 4 2539 0.143947884157 0.967097748307
18 0 5 2298 0.143287356664 0.964557499325
18 0 6 2310 0.219570382584 0.954316749413
18 0 7 2091 19.4723298684 -2.59624482916
19 0 0 0 0 1
19 0 1 0 0 1
19 0 2 0 0 1
19 0 3 0 0 1
19 0 4 0 0 1
19 0 5 0 0 1
19 0 6 970 1.4549157356 0.55048508267
19 0 7 1013 0.0884149169345 0.985603195574
20 0 0 2315 0.146068012908 0.967911510526
20 0 1 2315 0.157584451907 0.967014301373
20 0 2 2239 0.122681085314 0.972236216065
20 0 3 2174 0.158839886889 0.970873633557
20 0 4 2041 0.155827163772 0.970480748423
20 0 5 1905 0.131594941055 0.972987430936
20 0 6 1823 0.160001415346 0.969071054708
20 0 7 1774 0.161034757514 0.968467011966
21 0 0 808 -0.253909597326 1.08565233449
21 0 1 893 0.0461710795342 1.00070506352
21 0 2 941 0.0672371210954 0.986557338088
21 0 3 847 0.00982336190812 0.978066161942
21 0 4 857 0.088045646306 0.972307354028
21 0 5 859 -0.0181811576014 0.999772984155
21 0 6 881 0.128379705085 0.980965620038
21 0 7 875 -0.0254038837555 1.00771881946
22 0 0 1646 0.092432874677 0.976055224822
22 0 1 1674 0.0748753636424 0.9840851054
22 0 2 1800 0.0342496824491 0.988315556689
22 0 3 1849 0.0459783210887 0.990471588348
22 0 4 2052 0.0782538958624 0.977130734584
22 0 5 1984 0.0125879134293 0.998451297383
22 0 6 2338 0.0637131525629 0.983185909808
22 0 7 2208 -0.0377571506455 1.00333856569
23 0 0 0 0 1
23 0 1 2294 0.0115254130012 0.992102886772
23 0 2 2397 0.0773728974582 0.979008794063
23 0 3 2342 0.0967420357087 0.975292586016
23 0 4 2540 0.0870345241084 0.975832208791
23 0 5 2457 0.0371454064951 0.987481728009
23 0 6 2653 -0.000715981837248 0.994597623489
23 0 7 2623 -0.109544335801 0.996079771941
26 0 0 1660 0.0536698457004 0.984635875874
26 0 1 1468 0.0244835115017 0.989917544014
26 0 2 1428 -0.12504140908 1.03600398854
26 0 3 1387 0.0710466111422 0.986839960499
26 0 4 1333 0.0239567830335 0.99128430436
26 0 5 1262 0.0465776333249 0.989778276797
26 0 6 1293 0.0245072722191 0.985588511414
26 0 7 1217 0.0576623048694 0.990265383968
27 0 0 0 0 1
27 0 1 0 0 1
27 0 2 0 0 1
27 0 3 0 0 1
27 0 4 0 0 1
27 0 5 0 0 1
27 0 6 0 0 1
27 0 7 0 0 1
29 0 0 0 0 1
29 0 1 1436 0.13884760356 0.969483230368
29 0 2 1522 0.125875161676 0.977674885393
29 0 3 1655 0.0855996355511 0.982140921444
29 0 4 1657 0.12143966153 0.976881576771
29 0 5 1688 0.102308233981 0.979707779333
29 0 6 1783 0.0371195927521 0.98645830915
29 0 7 1781 0.0316763758542 0.988842225314
30 0 0 269 0.240556052419 0.941277057027
30 0 1 271 0.292050567663 0.939839312606
30 0 2 297 0.418835560776 0.914902198735
30 0 3 282 0.276097473011 0.942964862286
30 0 4 283 0.22422078618 0.954448173856
30 0 5 287 0.256117658595 0.950789378119
30 0 6 297 0.238770765478 0.952572185963
30 0 7 327 0.172696437357 0.958889890275
31 0 0 549 0.484629337537 0.90414704677
31 0 1 551 0.47232705976 0.907513397389
31 0 2 636 0.491330549884 0.903979648356
31 0 3 640 0.511950653828 0.900280026523
31 0 4 615 0.449183871605 0.911145005672
31 0 5 620 0.463767201488 0.910762659478
31 0 6 682 0.476104305272 0.907517138746
31 0 7 643 0.431063363381 0.916850741925
33 0 0 324 0.179980334081 0.964123615868
33 0 1 364 0.133663329952 0.973380463149
33 0 2 363 0.190164475581 0.955169997229
33 0 3 329 0.254751033465 0.946650204321
33 0 4 340 0.208801975955 0.954607499751
33 0 5 298 0.218690451299 0.95271914277
33 0 6 334 -0.100500616453 1.04461007052
33 0 7 309 0.38061782235 0.921363956056
34 0 0 608 0.613256567536 0.879581796012
34 0 1 601 0.470032886849 0.906633497983
34 0 2 685 0.0910977416592 0.977757925039
34 0 3 589 0.392066240202 0.921622261043
34 0 4 617 0.462419364309 0.90840380296
34 0 5 577 0.421152039743 0.914721334166
34 0 6 639 0.455597526912 0.912211219507
34 0 7 604 0.451108510314 0.908457403774
35 0 0 454 0.123927545671 0.962800290807
35 0 1 427 0.0781331865036 0.976953884285
35 0 2 443 0.170261018352 0.954114626975
35 0 3 442 0.159573049081 0.961906144565
35 0 4 414 0.216306681104 0.957528565074
35 0 5 452 0.125724414099 0.970068519102
35 0 6 438 0.120176372946 0.965460545342
35 0 7 397 0.0944783846612 0.976684343087
37 0 0 766 0.118644735342 0.973645302104
37 0 1 832 0.166064263952 0.968377983596
37 0 2 789 0.152221899822 0.965055750693
37 0 3 796 0.145084294255 0.961724893388
37 0 4 781 0.101449694269 0.975922253642
37 0 5 731 0.0793046809646 0.975979752059
37 0 6 833 0.0651209963751 0.981118718344
37 0 7 761 -23056.1014829 7785.63696797
38 0 0 837 0.147936482497 0.96001497631
38 0 1 809 0.198206537803 0.955992707589
38 0 2 779 0.749439590853 0.871747417403
38 0 3 736 0.14728753954 0.967510459325
38 0 4 717 0.847114529614 0.732660550955
38 0 5 746 0.169458998429 0.964797882383
38 0 6 649 0.147776369925 0.96851000153
38 0 7 639 0.162289962409 0.966585634745
39 0 0 446 0.454343331861 1.11631276536
39 0 1 1791 -20.8660803566 5.92302701454
39 0 2 724 0 274.3
39 0 3 428 -241.918931465 134.782735652
39 0 4 476 1.55591779567 0.603186751979
39 0 5 497 2.88259708538 0.809718514648
39 0 6 546 0.575067651391 1.13965759061
39 0 7 504 0.274661807602 0.930630343353
40 0 0 638 0.220447016577 0.950768334828
40 0 1 670 0.179305188096 0.955045003887
40 0 2 628 0.305769518069 0.93167830793
40 0 3 721 0.368086021746 0.938031080471
40 0 4 719 0.234275168231 0.952468039299
40 0 5 689 0.199346135738 0.96129047278
40 0 6 747 -4.8839547064 2.91635640394
40 0 7 757 0.267873810979 0.931875823288
41 0 0 0 0 1
41 0 1 0 0 1
41 0 2 0 0 1
41 0 3 0 0 1
41 0 4 0 0 1
41 0 5 0 0 1
41 0 6 0 0 1
41 0 7 0 0 1
42 0 0 163 0.750542900846 0.861324083757
42 0 1 166 0 1.00045464694
42 0 2 163 0.737717869494 0.905919707852
42 0 3 152 0.913949585434 0.833413774634
42 0 4 139 1.16768217739 0.790300352596
42 0 5 166 0.967580794535 0.829222725041
42 0 6 140 0 1.01045886659
42 0 7 148 0.242363209771 0.962651536142
43 0 0 0 0 1
43 0 1 0 0 1
43 0 2 0 0 1
43 0 3 0 0 1
43 0 4 0 0 1
43 0 5 0 0 1
43 0 6 0 0 1
43 0 7 0 0 1
44 0 0 0 0 1
44 0 1 0 0 1
44 0 2 0 0 1
44 0 3 0 0 1
44 0 4 953 -0.102772005745 1.03804754868
44 0 5 932 0.0183850114398 0.990947514556
44 0 6 892 0.141777781855 1.00050575318
44 0 7 801 2.01574441125 0.369758140682
45 0 0 0 0 1
45 0 1 0 0 1
45 0 2 0 0 1
45 0 3 0 0 1
45 0 4 0 0 1
45 0 5 0 0 1
45 0 6 0 0 1
45 0 7 0 0 1
46 0 0 840 0.145705647688 0.956113848885
46 0 1 849 0.111532242433 0.971220177117
46 0 2 828 0.0917836427695 0.969386375807
46 0 3 815 0.139859496977 0.960182338978
46 0 4 798 0.116357786059 0.966247212947
46 0 5 753 0.0760057614189 0.977010217893
46 0 6 748 0.0662100232238 0.976743584199
46 0 7 728 0.137671635615 0.960588421527
48 0 0 406 0.155275767462 0.965837370434
48 0 1 423 0.127110590037 0.969762497397
48 0 2 432 0.265725826445 0.930995333864
48 0 3 425 0.161154324689 0.964908917213
48 0 4 478 0.167827594508 0.958223590433
48 0 5 467 0.182850820629 0.959186618318
48 0 6 385 0.147260956518 0.971440476992
48 0 7 409 0.167763933342 0.964603215423
49 0 0 268 0.286463851396 0.903969444253
49 0 1 292 0.346306971647 0.930775828706
49 0 2 268 0.413536965414 0.920536636698
49 0 3 287 0.2728434727 0.948238507886
49 0 4 262 0.18159628656 0.964508413115
49 0 5 235 0.286418216868 0.932421336205
49 0 6 253 0.356867861495 0.911691678039
49 0 7 249 0.239272588203 0.934001710488
50 0 0 709 0.273275221091 0.942373444778
50 0 1 774 0.209773154102 0.948206335869
50 0 2 796 0.150888999658 0.96596819466
50 0 3 751 0.177426037581 0.959185028735
50 0 4 839 0.14644497431 0.968783191869
50 0 5 875 2.06495230167 0.634637842
50 0 6 824 0.162300924812 0.966513546266
50 0 7 853 0.190841333671 0.959954864419
60 0 0 762 0.176674286923 0.949764547343
60 0 1 786 0.136376785019 0.966029505729
60 0 2 762 0.156230461459 0.975148608346
60 0 3 801 0.122986510126 0.964707559641
60 0 4 778 0.165903649171 0.951153354502
60 0 5 821 0.104413451723 0.976075052669
60 0 6 821 2.27301334566 0.308627156588
60 0 7 824 0.150889448691 1.01111142187
139 0 0 853 0.0806041780448 0.982467573469
139 0 1 798 0.0848677639894 0.978433083396
139 0 2 826 0.103633578824 0.97435228503
139 0 3 767 0.0705467204672 0.972994498853
139 0 4 873 0.131117529696 0.963919353716
139 0 5 846 0.125401780479 0.960018959359
139 0 6 813 0.173573564366 0.961062422521
139 0 7 769 2.67163456589 0.165238530582
141 0 0 0 0 1
141 0 1 0 0 1
141 0 2 0 0 1
141 0 3 0 0 1
141 0 4 0 0 1
141 0 5 0 0 1
141 0 6 0 0 1
141 0 7 0 0 1
142 0 0 0 0 1
142 0 1 0 0 1
142 0 2 0 0 1
142 0 3 0 0 1
142 0 4 0 0 1
142 0 5 0 0 1
142 0 6 0 0 1
142 0 7 0 0 1
