# det side strip n_points intercept_left slope_left intercept_right slope_right
5 0 0 1 0 0.00641658793458 0 0.00631722330674
5 0 1 1 0 0.00659083645132 0 0.00624423945871
5 0 2 1 0 0.00656501744546 0 0.00626167907872
5 0 3 1 0 0.00674818058243 0 0.00622861901926
5 0 4 1 0 0.00666914658077 0 0.00623658126342
5 0 5 1 0 0.00667134262739 0 0.00629837689293
5 0 6 1 0 0.00652415403758 0 0.00629852827573
5 0 7 1 0 0.00680714621761 0 0.00623586278095
8 0 0 1 0 0.00703490566914 0 0.00597538801802
8 0 1 1 0 0.00688809354657 0 0.00616051318965
8 0 2 1 0 0.00663193949964 0 0.00629913160131
8 0 3 1 0 0.00676907226542 0 0.00621116238576
8 0 4 1 0 0.00659821517821 0 0.00629184733534
8 0 5 1 0 0.00652588682181 0 0.00634946106279
8 0 6 1 0 0.00669708465533 0 0.00619734544782
8 0 7 1 0 0.0079600762749 0 0.00552628604401
9 0 0 1 0 0.00702596085178 0 0.00635044899099
9 0 1 1 0 0.00690797386616 0 0.00642628494039
9 0 2 1 0 0.00677936450129 0 0.00646055133829
9 0 3 1 0 0.00702994844383 0 0.00646223772296
9 0 4 1 0 0.00684692185087 0 0.00642744847548
9 0 5 1 0 0.00688126172695 0 0.00645763962812
9 0 6 1 0 0.00685304217318 0 0.00645951231023
9 0 7 1 0 0.00702023165179 0 0.00641878153033
10 0 0 0 0 0 0 0
10 0 1 0 0 0 0 0
10 0 2 0 0 0 0 0
10 0 3 0 0 0 0 0
10 0 4 0 0 0 0 0
10 0 5 0 0 0 0 0
10 0 6 0 0 0 0 0
10 0 7 0 0 0 0 0
11 0 0 1 0 0.00728492877506 0 0.00633998190082
11 0 1 1 0 0.00700210599246 0 0.00647324512725
11 0 2 1 0 0.00710264395804 0 0.00640423882944
11 0 3 1 0 0.00722997241818 0 0.00644043405414
11 0 4 1 0 0.00695330508085 0 0.0064744506314
11 0 5 1 0 0.00699185446165 0 0.00645478553051
11 0 6 1 0 0.00695370852648 0 0.00644807987168
11 0 7 1 0 0.00708001037261 0 0.00645569833821
14 0 0 0 0 0 0 0
14 0 1 0 0 0 0 0
14 0 2 0 0 0 0 0
14 0 3 0 0 0 0 0
14 0 4 0 0 0 0 0
14 0 5 0 0 0 0 0
14 0 6 0 0 0 0 0
14 0 7 0 0 0 0 0
15 0 0 1 0 0.00928718528627 0 0.00519169755805
15 0 1 1 0 0.0076572084506 0 0.00614554788223
15 0 2 1 0 0.0074264232256 0 0.00622931482962
15 0 3 1 0 0.00735868577921 0 0.00633333021016
15 0 4 1 0 0.00723804581083 0 0.00633946082054
15 0 5 1 0 0.00702800464628 0 0.0064677218605
15 0 6 1 0 0.00711481992547 0 0.00639988272961
15 0 7 1 0 0.00720291222389 0 0.00642142326548
16 0 0 1 0 0.00665931022454 0 0.00627351120702
16 0 1 1 0 0.00667868857707 0 0.00625272118812
16 0 2 1 0 0.00664683989138 0 0.00634767163576
16 0 3 1 0 0.00674480335567 0 0.0063459867538
16 0 4 1 0 0.00658888844123 0 0.00635810436935
16 0 5 1 0 0.00667534640671 0 0.0063300440003
16 0 6 1 0 0.00682373982847 0 0.00620184738877
16 0 7 1 0 0.00685315333355 0 0.00630704957489
17 0 0 1 0 0.00656982549095 0 0.00632095129628
17 0 1 1 0 0.00673312271506 0 0.00626500775186
17 0 2 1 0 0.00659998450551 0 0.00629170752929
17 0 3 1 0 0.00683174710622 0 0.00619170803981
17 0 4 1 0 0.00667161641256 0 0.00626604788717
17 0 5 1 0 0.00669382697587 0 0.00623707672052
17 0 6 1 0 0.00669546882475 0 0.00631439696595
17 0 7 1 0 0.00683986624652 0 0.00631692857193
18 0 0 1 0 0.0105628742108 0 0.00472172679111
18 0 1 1 0 0.00881261497215 0 0.00564265366513
18 0 2 1 0 0.00777705955763 0 0.0060415293353
18 0 3 1 0 0.00768476522935 0 0.00617769257014
18 0 4 1 0 0.00745972745947 0 0.00621753412286
18 0 5 1 0 0.00726543041046 0 0.00628129097593
18 0 6 1 0 0.00731541388692 0 0.00626181706868
18 0 7 1 0 0.00758820562106 0 0.00619531171721
19 0 0 0 0 0 0 0
19 0 1 0 0 0 0 0
19 0 2 0 0 0 0 0
19 0 3 0 0 0 0 0
19 0 4 0 0 0 0 0
19 0 5 0 0 0 0 0
19 0 6 1 0 0.00710686557659 0 0.00644412440912
19 0 7 1 0 0.00734342793179 0 0.0064693436253
20 0 0 1 0 0.00711933848645 0 0.006277872408
20 0 1 1 0 0.00729022335367 0 0.006308308559
20 0 2 1 0 0.00763308388552 0 0.0062262127725
20 0 3 1 0 0.00733787139448 0 0.00630660348768
20 0 4 1 0 0.0070521585401 0 0.0063951052675
20 0 5 1 0 0.00704557786884 0 0.00636390745401
20 0 6 1 0 0.00691337010588 0 0.00645272052628
20 0 7 1 0 0.00719397399244 0 0.00635452021061
21 0 0 1 0 0.00689884085126 0 0.00658142017125
21 0 1 1 0 0.00713499943621 0 0.0064680716961
21 0 2 1 0 0.00711318781703 0 0.00642937983252
21 0 3 1 0 0.00716559864292 0 0.00650841460239
21 0 4 1 0 0.00718054942285 0 0.00640611006472
21 0 5 1 0 0.00734612430266 0 0.00638641175053
21 0 6 1 0 0.00712786431152 0 0.00640170487548
21 0 7 1 0 0.00707881792118 0 0.00630752828048
22 0 0 1 0 0.00716600513707 0 0.00645113347192
22 0 1 1 0 0.00738969448494 0 0.00632305403821
22 0 2 1 0 0.00725115196494 0 0.00640618822964
22 0 3 1 0 0.0074169945778 0 0.00644555571921
22 0 4 1 0 0.0075619470423 0 0.00626121320224
22 0 5 1 0 0.00750639430809 0 0.00623836591523
22 0 6 1 0 0.00754319663153 0 0.00622310735603
22 0 7 1 0 0.00786049680488 0 0.0060843326656
23 0 0 0 0 0 0 0
23 0 1 1 0 0.00795178955346 0 0.0060010169933
23 0 2 1 0 0.00784035059191 0 0.00608487501906
23 0 3 1 0 0.00799398391024 0 0.0061730643234
23 0 4 1 0 0.008182913391 0 0.00598738581829
23 0 5 1 0 0.00787485405553 0 0.00608908242193
23 0 6 1 0 0.0079090264851 0 0.0060517628206
23 0 7 1 0 0.00875685541169 0 0.00551219490243
26 0 0 1 0 0.00725544076754 0 0.00600673093754
26 0 1 1 0 0.00698537823703 0 0.00612347220508
26 0 2 1 0 0.00691070777806 0 0.00613215445139
26 0 3 1 0 0.00711344449625 0 0.00610777263114
26 0 4 1 0 0.00727134296795 0 0.00597906952357
26 0 5 1 0 0.00719231235238 0 0.00606267078144
26 0 6 1 0 0.00675979106333 0 0.00616551129864
26 0 7 1 0 0.00719037987023 0 0.00592591802992
27 0 0 0 0 0 0 0
27 0 1 0 0 0 0 0
27 0 2 0 0 0 0 0
27 0 3 0 0 0 0 0
27 0 4 0 0 0 0 0
27 0 5 0 0 0 0 0
27 0 6 0 0 0 0 0
27 0 7 0 0 0 0 0
29 0 0 0 0 0 0 0
29 0 1 1 0 0.00721032272056 0 0.00644322822101
29 0 2 1 0 0.00688797983379 0 0.00650102235025
29 0 3 1 0 0.00721899649335 0 0.00637413531917
29 0 4 1 0 0.00710952163117 0 0.00637858298751
29 0 5 1 0 0.00722561784311 0 0.00634816001971
29 0 6 1 0 0.00711087930873 0 0.00632629046029
29 0 7 1 0 0.0074500939596 0 0.0062555531547
30 0 0 1 0 0.00679328407081 0 0.00636897780441
30 0 1 1 0 0.00680815340532 0 0.0064708546039
30 0 2 1 0 0.00677474927948 0 0.00633192305957
30 0 3 1 0 0.00684936459536 0 0.00641466650287
30 0 4 1 0 0.00692164209172 0 0.00632936533452
30 0 5 1 0 0.0066873064666 0 0.00642175273734
30 0 6 1 0 0.00658847641912 0 0.00644466106667
30 0 7 1 0 0.00716267777275 0 0.00623314976331
31 0 0 1 0 0.00698786077906 0 0.00660729278241
31 0 1 1 0 0.00705447743471 0 0.00663809877766
31 0 2 1 0 0.00688307608256 0 0.00667998231062
31 0 3 1 0 0.0070736184619 0 0.00663134022374
31 0 4 1 0 0.00688340633633 0 0.00667183789935
31 0 5 1 0 0.007005009969 0 0.00663948008036
31 0 6 1 0 0.00681747061831 0 0.00667836458909
31 0 7 1 0 0.00696184782591 0 0.00665918045053
33 0 0 1 0 0.00652519600537 0 0.00642261745644
33 0 1 1 0 0.00673430677731 0 0.00633301311181
33 0 2 1 0 0.00680971201683 0 0.00625517232316
33 0 3 1 0 0.00680585584411 0 0.00631213583743
33 0 4 1 0 0.00658102115738 0 0.00633127353017
33 0 5 1 0 0.00673523499594 0 0.00633285242168
33 0 6 1 0 0.00668557524856 0 0.00629676284048
33 0 7 1 0 0.00698040233973 0 0.00624484984435
34 0 0 1 0 0.00688826147322 0 0.00661727114886
34 0 1 1 0 0.00699951354584 0 0.00660809963592
34 0 2 1 0 0.00690350011994 0 0.00669003953811
34 0 3 1 0 0.00701671017403 0 0.00670444582154
34 0 4 1 0 0.00688697505629 0 0.00660283213614
34 0 5 1 0 0.00711924947536 0 0.00656441972781
34 0 6 1 0 0.00687167762602 0 0.0066533410315
34 0 7 1 0 0.00715264770981 0 0.00665834883051
35 0 0 1 0 0.00680256242452 0 0.0062704889496
35 0 1 1 0 0.00675424003092 0 0.0062867302798
35 0 2 1 0 0.0067337165003 0 0.00630744557323
35 0 3 1 0 0.00684250809365 0 0.00632774558909
35 0 4 1 0 0.00674116567119 0 0.00629218046451
35 0 5 1 0 0.00670104620335 0 0.00631756227333
35 0 6 1 0 0.00678347837719 0 0.00619737844229
35 0 7 1 0 0.00681284052951 0 0.0062995500124
37 0 0 1 0 0.00677130480899 0 0.00649484571476
37 0 1 1 0 0.00695729495915 0 0.00641202908326
37 0 2 1 0 0.00682550504722 0 0.00647705062712
37 0 3 1 0 0.00701107860743 0 0.0064664567477
37 0 4 1 0 0.00697008410022 0 0.00639161673271
37 0 5 1 0 0.00697058989334 0 0.00642076963447
37 0 6 1 0 0.00696228914375 0 0.00644650801361
37 0 7 1 0 0.00705356557013 0 0.00644855019625
38 0 0 1 0 0.00689124103309 0 0.00642080763199
38 0 1 1 0 0.00684509046815 0 0.00646318120021
38 0 2 1 0 0.00667389442281 0 0.00655443098574
38 0 3 1 0 0.00687809221742 0 0.00649868670765
38 0 4 1 0 0.00680262723973 0 0.00654148901872
38 0 5 1 0 0.0067396380318 0 0.00651031951836
38 0 6 1 0 0.00669147105645 0 0.00653537140758
38 0 7 1 0 0.00682453113931 0 0.00638199465603
39 0 0 1 0 0.00843043759171 0 0.00604192005318
39 0 1 0 0 0 0 0.0266150977802
39 0 2 0 0 0.434302111164 0 0
39 0 3 1 0 0.0134107891911 0 0.00127164028986
39 0 4 1 0 0.0127167177409 0 0.00234062371807
39 0 5 1 0 0.00744674189396 0 0.00638178722173
39 0 6 1 0 0.0071127485337 0 0.00635661837706
39 0 7 1 0 0.00738561430803 0 0.00640441919154
40 0 0 1 0 0.00677090681229 0 0.00658251439738
40 0 1 1 0 0.0071159812543 0 0.00652066976537
40 0 2 1 0 0.00709383966114 0 0.00651593334539
40 0 3 1 0 0.00720241717197 0 0.00648677359224
40 0 4 1 0 0.00696701965176 0 0.00658541259141
40 0 5 1 0 0.00695051181244 0 0.00661415283888
40 0 6 1 0 0.00701847041987 0 0.0065191046718
40 0 7 1 0 0.00745102888255 0 0.00640585755548
41 0 0 0 0 0 0 0
41 0 1 0 0 0 0 0
41 0 2 0 0 0 0 0
41 0 3 0 0 0 0 0
41 0 4 0 0 0 0 0
41 0 5 0 0 0 0 0
41 0 6 0 0 0 0 0
41 0 7 0 0 0 0 0
42 0 0 1 0 0.00644006132314 0 0.00637340290595
42 0 1 1 0 0.00654881839306 0 0.00635627180899
42 0 2 1 0 0.00641927098541 0 0.00641432493947
42 0 3 1 0 0.00668873840229 0 0.00637148414851
42 0 4 1 0 0.00644864409134 0 0.00633844311804
42 0 5 1 0 0.00642698905791 0 0.00636352068274
42 0 6 1 0 0.00650278044379 0 0.00640025708578
42 0 7 1 0 0.00646745512233 0 0.006435207515
43 0 0 0 0 0 0 0
43 0 1 0 0 0 0 0
43 0 2 0 0 0 0 0
43 0 3 0 0 0 0 0
43 0 4 0 0 0 0 0
43 0 5 0 0 0 0 0
43 0 6 0 0 0 0 0
43 0 7 0 0 0 0 0
44 0 0 0 0 0 0 0
44 0 1 0 0 0 0 0
44 0 2 0 0 0 0 0
44 0 3 0 0 0 0 0
44 0 4 1 0 0.0070406404842 0 0.00633579379787
44 0 5 1 0 0.00706779183388 0 0.00638483213924
44 0 6 1 0 0.0068838401188 0 0.00642688750902
44 0 7 1 0 0.00697356515986 0 0.00651216312691
45 0 0 0 0 0 0 0
45 0 1 0 0 0 0 0
45 0 2 0 0 0 0 0
45 0 3 0 0 0 0 0
45 0 4 0 0 0 0 0
45 0 5 0 0 0 0 0
45 0 6 0 0 0 0 0
45 0 7 0 0 0 0 0
46 0 0 1 0 0.00727278788639 0 0.00638560125813
46 0 1 1 0 0.00706893081279 0 0.00645044718621
46 0 2 1 0 0.00713088091529 0 0.00645697241866
46 0 3 1 0 0.00712027560991 0 0.00647232469335
46 0 4 1 0 0.00701636503788 0 0.00656560812031
46 0 5 1 0 0.00708362222076 0 0.00648592167293
46 0 6 1 0 0.00702184331355 0 0.00643888059279
46 0 7 1 0 0.00718595379229 0 0.00643898232582
48 0 0 1 0 0.00689848120122 0 0.00645768779083
48 0 1 1 0 0.00707158400435 0 0.00651431420317
48 0 2 1 0 0.00708736135235 0 0.00654228144223
48 0 3 1 0 0.0070667703259 0 0.00660800812794
48 0 4 1 0 0.00697128963388 0 0.0064816355825
48 0 5 1 0 0.00692512525305 0 0.00653977713498
48 0 6 1 0 0.00681170571001 0 0.00650365578188
48 0 7 1 0 0.00704131413156 0 0.00653979817035
49 0 0 1 0 0.00717015506004 0 0.00581554834136
49 0 1 1 0 0.00666885385155 0 0.00618128399244
49 0 2 1 0 0.00655469371458 0 0.00621639358336
49 0 3 1 0 0.00669701807736 0 0.00615600408363
49 0 4 1 0 0.00655957728012 0 0.0062747236925
49 0 5 1 0 0.00671113020682 0 0.0062255028914
49 0 6 1 0 0.00717670618557 0 0.00586696861113
49 0 7 1 0 0.00692321101582 0 0.00616665918185
50 0 0 1 0 0.00682992592767 0 0.00651636911828
50 0 1 1 0 0.0071014887258 0 0.0064722177178
50 0 2 1 0 0.00686955142846 0 0.00648451733398
50 0 3 1 0 0.00709819839032 0 0.00649515475368
50 0 4 1 0 0.00686079931878 0 0.00648500990087
50 0 5 1 0 0.00697981251519 0 0.00651994881196
50 0 6 1 0 0.00698385135706 0 0.00646106036841
50 0 7 1 0 0.00737656672391 0 0.00645845553622
60 0 0 1 0 0.00681909101971 0 0.00639126449322
60 0 1 1 0 0.00685101653836 0 0.00645942346886
60 0 2 1 0 0.00689655102968 0 0.00642836326649
60 0 3 1 0 0.00706150089516 0 0.00641817627961
60 0 4 1 0 0.0071096155038 0 0.00637908238439
60 0 5 1 0 0.00686852961569 0 0.00647581922914
60 0 6 1 0 0.00701277771492 0 0.0064168757885
60 0 7 1 0 0.00713782150192 0 0.00641088725956
139 0 0 1 0 0.0067502808151 0 0.00653128046402
139 0 1 1 0 0.00686024853841 0 0.00644853424011
139 0 2 1 0 0.00680869642297 0 0.0065309049471
139 0 3 1 0 0.00710272431771 0 0.00644198249061
139 0 4 1 0 0.00701844766116 0 0.00651583667498
139 0 5 1 0 0.00708352969325 0 0.00642668780239
139 0 6 1 0 0.00685887356219 0 0.00651147909577
139 0 7 1 0 0.00717969070063 0 0.00646163707723
141 0 0 0 0 0 0 0
141 0 1 0 0 0 0 0
141 0 2 0 0 0 0 0
141 0 3 0 0 0 0 0
141 0 4 0 0 0 0 0
141 0 5 0 0 0 0 0
141 0 6 0 0 0 0 0
141 0 7 0 0 0 0 0
142 0 0 0 0 0 0 0
142 0 1 0 0 0 0 0
142 0 2 0 0 0 0 0
142 0 3 0 0 0 0 0
142 0 4 0 0 0 0 0
142 0 5 0 0 0 0 0
142 0 6 0 0 0 0 0
142 0 7 0 0 0 0 0
