# det side strip entries intercept slope
1 0 0 110 -0.375408562733 0.00821132524615
1 0 1 203 1.26546061845 0.00470100059494
1 0 2 163 2.19969767922 0.00382059902524
1 0 3 143 -0.443436758255 0.00706537719774
1 0 4 172 2.65298016509 0.00327044265344
1 0 5 167 -2.7880945469 0.0121461312761
1 0 6 223 0.270274541279 0.0061445733717
1 0 7 174 -0.476854497463 0.00707819416952
1 0 8 215 0.565049870244 0.00582581890202
1 0 9 225 0.984515721646 0.00518392630493
1 0 10 150 -0.26006814974 0.0065822972331
1 0 11 208 -0.170307499825 0.00678475148021
1 0 12 221 0.0312253565395 0.00640903789051
1 0 13 212 2.51514931137 0.00586052371639
1 0 14 217 0.0745908635778 0.00625098670867
1 0 15 179 0.1424581476 0.00632941304992
1 0 16 169 0.0435099515812 0.00625572018315
1 0 17 202 -0.0139640838172 0.00642796795689
1 0 18 199 0.0712428291307 0.00632925647733
1 0 19 186 0.0567569810529 0.00639267721515
1 0 20 183 -0.137908798289 0.00676278040234
1 0 21 197 0.0594560918372 0.00632512164108
1 0 22 192 0.268384935969 0.00614721639429
1 0 23 144 0.0719571946952 0.00636440104211
1 0 24 88 0 0
1 0 25 146 0.00347731593588 0.0063616690481
1 0 26 117 2.75667553411 0.00546799281097
1 0 27 87 0 0
1 0 28 137 0.0550712927296 0.00628685719906
1 0 29 116 -6.00264186353 0.0182413357221
1 0 30 145 0.412940308451 0.00566617862024
1 0 31 86 0 0
1 1 0 1184 -0.0608462060054 0.00683340939735
1 1 1 1212 -0.0195276063693 0.0067886081218
1 1 2 1768 -0.108241736349 0.00698617732359
1 1 3 1030 -0.000387072591268 0.00668703502204
2 0 0 247 0.0130857960208 0.00643887624165
2 0 1 252 -0.226023487371 0.0116203669831
2 0 2 297 1.27380945463 0.00860322270928
2 0 3 291 1.58033197706 0.00809768316123
2 0 4 316 1.77277790625 0.00758437229178
2 0 5 205 1.82358411377 0.00731108735546
2 0 6 300 0.0538435616061 0.00636864294728
2 0 7 323 0.0882735634186 0.00644353010017
2 0 8 321 0.0799758885282 0.00627888478427
2 0 9 286 0.0747690299374 0.00628517458607
2 0 10 272 0.0456369907706 0.00639467919957
2 0 11 249 -0.013729819681 0.00654155931251
2 0 12 267 0.0466531569032 0.0063744750028
2 0 13 267 0.101716132939 0.00625573522885
2 0 14 319 -0.026500996359 0.00641101893101
2 0 15 305 -0.0257359731287 0.00656389582047
2 0 16 296 0.0506308494691 0.00638967042848
2 0 17 324 0.0368898754261 0.00637713209314
2 0 18 318 -0.0212561260523 0.00639302460136
2 0 19 284 -0.0045692573793 0.00651896466078
2 0 20 264 -0.0112596020524 0.00638685347208
2 0 21 271 -0.058654049003 0.00646876764282
2 0 22 259 0.0561227754053 0.00636140252943
2 0 23 254 -0.0156185429358 0.00655317790879
2 0 24 268 0.0520380391868 0.00635681263237
2 0 25 208 -0.0223028382847 0.00639448044865
2 0 26 241 -0.0824461496615 0.00652058604351
2 0 27 195 0.0290264219291 0.00642482512862
2 0 28 204 0.00541764629026 0.00634206702616
2 0 29 210 0.00733375364112 0.00633636346106
2 0 30 177 -0.0158371534411 0.00638053983012
2 0 31 158 2.82382624645 0.00544448305246
2 1 0 2151 -0.265085498268 0.00723522574539
2 1 1 2566 -0.0448062840859 0.00687666880224
2 1 2 2173 -0.0529956979664 0.00686951844017
2 1 3 1303 -0.0900399840683 0.00687340234603
3 0 0 0 0 0
3 0 1 0 0 0
3 0 2 0 0 0
3 0 3 0 0 0
3 0 4 0 0 0
3 0 5 0 0 0
3 0 6 0 0 0
3 0 7 0 0 0
3 0 8 0 0 0
3 0 9 0 0 0
3 0 10 0 0 0
3 0 11 0 0 0
3 0 12 0 0 0
3 0 13 0 0 0
3 0 14 1460 0 0.00668356018779
3 0 15 1361 0 0.00676775186441
3 0 16 0 0 0
3 0 17 1560 0 0.00665927557378
3 0 18 1306 0 0.00655599779598
3 0 19 1171 0 0.00669799207369
3 0 20 1423 0 0.00663142151067
3 0 21 1227 -0.121679566334 0.00673290704575
3 0 22 3053 1.1455693018 0.00514871547463
3 0 23 1629 0.795869187167 0.0057398556443
3 0 24 8908 0 0
3 0 25 9400 0 0
3 0 26 763 -1.26044700299 0.00803281496055
3 0 27 1639 -189645.630025 210.942397195
3 0 28 730 -0.373982298437 0.00700069663446
3 0 29 692 3.08607280386 0.00286218238191
3 0 30 416 0 0.00655327292682
3 0 31 608 0.175061586443 0.00640212219436
3 1 0 3284 0 0.00690780072286
3 1 1 5603 0 0.00716611699932
3 1 2 5619 0 0.00712313081683
3 1 3 2200 0 0.00701874596209
4 0 0 100 2.41210121828 0.00361102264083
4 0 1 89 0 0
4 0 2 139 0.0452356180295 0.00641370373287
4 0 3 147 0.0473740226841 0.00653937504613
4 0 4 129 -0.000601147837031 0.0064570113096
4 0 5 99 0 0
4 0 6 153 -0.0353771261691 0.00656644580416
4 0 7 197 0.068599982389 0.00651803141853
4 0 8 131 0.0747941056179 0.00634748347547
4 0 9 176 0.0356877508122 0.00640785558728
4 0 10 131 0.0139295536868 0.00644744001709
4 0 11 138 0.0849527125208 0.00646200350512
4 0 12 165 0.112848617922 0.00624075209315
4 0 13 141 0.0520915383141 0.00639366023193
4 0 14 108 0.0993472684109 0.00625872420711
4 0 15 161 -0.0385347857856 0.00659087786134
4 0 16 224 0.045067655828 0.00640120400699
4 0 17 165 0.0549388616166 0.00638959768555
4 0 18 195 -5.8474067443 0.0182440810397
4 0 19 197 -0.0191002183885 0.00655066714882
4 0 20 172 0.0907833633949 0.00626534456953
4 0 21 144 0.0619546536282 0.00634898442289
4 0 22 147 0.0409283994862 0.006409633098
4 0 23 142 0.043624780314 0.00649658591426
4 0 24 107 2.75098304202 0.00554064439843
4 0 25 79 0 0
4 0 26 94 0 0
4 0 27 126 0.260293236657 0.0061421463776
4 0 28 115 -0.0253889991358 0.00640732236653
4 0 29 113 -0.0110639861328 0.0063754127745
4 0 30 138 -0.0221919515671 0.0063968902572
4 0 31 91 0 0
4 1 0 1191 -0.0284507527613 0.00675998128905
4 1 1 959 2.63068200419 0.00614004684469
4 1 2 1336 -0.129914683201 0.00699199756479
4 1 3 933 0.0107498547142 0.00671451057903
5 1 0 807 0.106862219454 0.00624242319748
5 1 1 1251 0.0506905104682 0.00639577351756
5 1 2 1453 0.0538082595368 0.00639758902857
5 1 3 1499 0.111865714195 0.00642259983191
8 1 0 446 0.478807100287 0.00602231194945
8 1 1 957 0.472656069591 0.00598814131025
8 1 2 711 0.433158928227 0.00608609126482
8 1 3 744 0.356236061208 0.00619941383256
9 1 0 2154 0.0867010612179 0.00644765303588
9 1 1 3086 0.100349797672 0.00643644857906
9 1 2 3538 0.0757925378201 0.00645920150845
9 1 3 3000 0.047704323696 0.00656793337775
10 1 0 0 0 0
10 1 1 0 0 0
10 1 2 0 0 0
10 1 3 0 0 0
11 1 0 3135 0.0909593513931 0.00644036683572
11 1 1 4890 0.0919507106737 0.0064415844361
11 1 2 5973 0.0344541804838 0.0065663117146
11 1 3 0 0 0
14 1 0 0 0 0
14 1 1 0 0 0
14 1 2 0 0 0
14 1 3 0 0 0
15 1 0 2620 0.177364726429 0.00640952731644
15 1 1 4017 0.0613597588901 0.00661897889072
15 1 2 4669 0.0610112953699 0.0065984207545
15 1 3 5010 0.0133649931991 0.00675519913246
16 1 0 1113 -0.0249434640778 0.0065593031994
16 1 1 1323 0.0681166438343 0.00638138285597
16 1 2 1542 -0.00522449542871 0.0065219831722
16 1 3 1927 0.0853611954477 0.00644336133885
17 1 0 946 0.0625673212263 0.00638082517178
17 1 1 1397 0.0515478839265 0.00640311747564
17 1 2 1738 0.0530125783223 0.00640276048102
17 1 3 1546 0.0910976855431 0.00643979688613
18 1 0 3945 0.104528780555 0.00635319973424
18 1 1 6199 0.130773391132 0.00639473657688
18 1 2 9300 -6221.8410976 7.4395534476
18 1 3 8776 -0.00666698080896 0.00667090234072
19 1 0 1391 -0.11112946081 0.00719627125105
19 1 1 1457 0.104446087424 0.0067808926059
19 1 2 1839 -0.00120162227268 0.00684564529241
19 1 3 1518 -0.004416441734 0.0068533793232
20 1 0 3340 0.108998475015 0.00638074036807
20 1 1 5818 0.0795380554601 0.00642223789483
20 1 2 7761 0.0711542397425 0.00642298414869
20 1 3 7394 0.11424975733 0.00646191095964
21 1 0 2408 0.0998715854557 0.00662718153333
21 1 1 2920 0.0121708515427 0.00683234596648
21 1 2 3020 -0.000315779092834 0.0068463531765
21 1 3 2139 0.0256541831551 0.00687385489166
22 1 0 4236 0.0689750508734 0.00668218944697
22 1 1 5780 0.0616306933399 0.00668651078729
22 1 2 7765 0.0552606697666 0.00669647549856
22 1 3 10084 0.0585135354275 0.00669346845546
23 1 0 4301 0.114896501524 0.00661488910344
23 1 1 6596 0.0737446660993 0.00674834530492
23 1 2 9712 0.0636412660467 0.00674420958272
23 1 3 14244 0.0603441285171 0.00679554889149
26 1 0 3300 0.108357169052 0.00664571513961
26 1 1 4106 0.0153518020432 0.00680871838046
26 1 2 4867 0.000396143427365 0.00687070928662
26 1 3 5441 -0.0109374133925 0.00694962503792
27 1 0 115 3.14864290088 0.00576429856688
27 1 1 135 2.88407367567 0.0379153559658
27 1 2 126 3.16146719266 0.00356057510304
27 1 3 135 3.16198711467 0.00346888846226
29 1 0 3421 0.0690170391628 0.00661200112981
29 1 1 4935 0.0583751181922 0.00665120516116
29 1 2 5851 0.0507166008823 0.00665804787185
29 1 3 6858 0.051912625048 0.0067256937604
30 1 0 564 0.217559913323 0.0065185706004
30 1 1 894 0.127102591251 0.00666173572069
30 1 2 1022 0.110137302536 0.0067192431938
30 1 3 1104 0.127767666425 0.00669662701735
31 1 0 771 0.4457033652 0.00601980722139
31 1 1 1457 0.436706119615 0.00603417732609
31 1 2 2058 0.346023856135 0.00623606226093
31 1 3 2098 0.32017985276 0.00631521990023
33 1 0 754 0.19078082305 0.00658783333326
33 1 1 1016 0.120540556774 0.00665487328982
33 1 2 1262 0.0840432377491 0.00669027877624
33 1 3 1449 0.0934259653052 0.0067636150264
34 1 0 1016 0.482811633807 0.00606132827838
34 1 1 1503 0.388273870347 0.00618467000992
34 1 2 2156 0.356738550388 0.0062350130571
34 1 3 2180 0.26703187328 0.00642713106063
35 1 0 883 0.0539689623468 0.00639942810511
35 1 1 1298 0.112070749729 0.00641611433282
35 1 2 1578 0.0878901495272 0.00648226565601
35 1 3 1670 0.0918016910403 0.00647425071181
37 1 0 1115 -0.0224618776075 0.00655358109013
37 1 1 2332 0.101324171463 0.00643001391051
37 1 2 2662 0.094713628536 0.00643729132659
37 1 3 2385 0.101597472824 0.00643200078865
38 1 0 1615 0.116231555083 0.00639271980095
38 1 1 2094 0.0735002969772 0.00651464324496
38 1 2 2624 0.0667127912302 0.0065261805157
38 1 3 3009 0.0306212445245 0.00660389728877
39 1 0 849 0.0731743711588 0.00656155931635
39 1 1 1077 0.102369856202 0.00660278787822
39 1 2 1349 0.0960064190054 0.00660884673235
39 1 3 1364 0.0925791322714 0.00660873040801
40 1 0 823 0.160039410744 0.00632127159674
40 1 1 1773 0.123707913072 0.00639470896618
40 1 2 2395 0.127391242293 0.00639862337015
40 1 3 2033 0.135184222127 0.00650042301601
41 1 0 1 0 0
41 1 1 0 0 0
41 1 2 0 0 0
41 1 3 1 0 0
42 1 0 255 0.927124748977 0.00545819271207
42 1 1 412 0.999971477775 0.00539882859311
42 1 2 481 1.04209839967 0.00533514558798
42 1 3 475 -719.006369765 0.86848608564
43 1 0 0 0 0
43 1 1 2 0 0
43 1 2 2 0 0
43 1 3 11 0 0
44 1 0 1642 -3.60173516258 0.0108319945026
44 1 1 2208 -0.00582048123389 0.00651941103158
44 1 2 2211 -0.0202199209489 0.00655000382949
44 1 3 1648 0.0931137311803 0.00645097711772
45 1 0 82 0 0
45 1 1 106 3.12460187953 0.00989207372687
45 1 2 104 1.32637557422 0.3185704952
45 1 3 73 0 0
46 1 0 1646 0.104611745044 0.00643731463848
46 1 1 2328 0.0459490977643 0.00656563600334
46 1 2 2659 0.10575795304 0.00647355992883
46 1 3 2774 0.0579691723725 0.00662336640764
48 1 0 853 0.110209902982 0.00660473792853
48 1 1 1224 0.103548740186 0.00661485600249
48 1 2 1443 0.109702130944 0.00657500016175
48 1 3 1655 0.0949856172899 0.00663109930773
49 1 0 427 0.306001355521 0.00611277813878
49 1 1 698 0.245291660692 0.00617169488419
49 1 2 901 0.283528791073 0.00617876887072
49 1 3 946 0.105607107846 0.00643421752172
50 1 0 1469 0.101453699062 0.00643217286938
50 1 1 2264 0.0244417344152 0.00662378732051
50 1 2 2699 0.0158802088463 0.00663863919723
50 1 3 2917 0.0870738025225 0.00664009246421
60 1 0 1134 0.0845138480486 0.0063716887898
60 1 1 2203 -0.0371766097982 0.00657740884175
60 1 2 2642 0.062253122991 0.00645602997204
60 1 3 2114 0.0324461762347 0.00655621967022
139 1 0 1635 0.0995463153902 0.00643318220972
139 1 1 2264 0.0955826715305 0.0064400734465
139 1 2 2742 0.0482458705531 0.00655364414308
139 1 3 2539 0.0310023287268 0.00660523732451
141 1 0 10 0 0
141 1 1 13 0 0
141 1 2 14 0 0
141 1 3 15 0 0
142 1 0 0 0 0
142 1 1 0 0 0
142 1 2 0 0 0
142 1 3 3 0 0
