# det side strip entries intercept slope
11 1 0 3063 0 0.0013343348395
11 1 1 3537 0 0.00154714293106
11 1 2 4281 0 0.0014135376871
11 1 3 4893 0 0.00138819558789
39 1 0 0 0 0
39 1 1 0 0 0
39 1 2 0 0 0
39 1 3 0 0 0
41 1 0 0 0 0
41 1 1 0 0 0
41 1 2 0 0 0
41 1 3 0 0 0
42 1 0 0 0 0
42 1 1 0 0 0
42 1 2 0 0 0
42 1 3 0 0 0
43 1 0 0 0 0
43 1 1 0 0 0
43 1 2 0 0 0
43 1 3 0 0 0
44 1 0 3161 0 0.000987730301073
44 1 1 3677 0 0.00103459802549
44 1 2 4059 0 0.00104148568784
44 1 3 4678 0 0.00100940853295
45 1 0 3074 0 0.00108047037653
45 1 1 3538 0 0.00151901454021
45 1 2 4150 0 0.00122190675344
45 1 3 4934 0 0.00116978482531
46 1 0 3263 0 0.00102091714284
46 1 1 3955 0 0.00107137592876
46 1 2 4890 0 0.0010804207182
46 1 3 5652 0 0.00103269759749
47 1 0 0 0 0
47 1 1 0 0 0
47 1 2 0 0 0
47 1 3 0 0 0
48 1 0 0 0 0
48 1 1 0 0 0
48 1 2 0 0 0
48 1 3 0 0 0
49 1 0 0 0 0
49 1 1 0 0 0
49 1 2 0 0 0
49 1 3 0 0 0
50 1 0 0 0 0
50 1 1 0 0 0
50 1 2 0 0 0
50 1 3 0 0 0
52 1 0 0 0 0
52 1 1 0 0 0
52 1 2 0 0 0
52 1 3 0 0 0
60 1 0 3493 0 0.00120844843976
60 1 1 4134 0 0.00127484855196
60 1 2 4966 0 0.00127194913176
60 1 3 5789 0 0.00126760372071
