# det side strip entries b0 b1 b2
11 0 0 1791 5.44022378697 -0.155322098024 0.445043867653
11 0 1 1860 5.4169169878 -0.111388535197 0.471110531546
11 0 2 1818 5.41337888605 -0.147584505855 0.558007946015
11 0 3 1782 5.42718353907 -0.0952393427532 0.554465459431
11 0 4 1847 5.42813354057 -0.200140727596 0.625248329378
11 0 5 1794 5.40961814513 -0.0920310916397 0.535079892929
11 0 6 1743 5.38866699388 -0.111420279994 0.649048354953
11 0 7 1800 5.4007531422 -0.15474102913 0.71860837901
44 0 0 1770 5.37047223524 -0.273283355737 1.17223987591
44 0 1 1739 5.36470338814 -0.157937822441 1.09450032505
44 0 2 1738 5.34451440197 -0.17044283699 1.3904465607
44 0 3 1775 5.38717419724 -0.264006255761 1.29702558476
44 0 4 1730 5.47701792063 -0.905794962416 1.50947790217
44 0 5 1707 5.37222665019 -0.15445981406 1.10451761166
44 0 6 1705 5.3590328959 -0.241743011774 1.49056353734
44 0 7 1796 5.26312864087 -1.04904292037 2.55572853417
45 0 0 1880 5.38526430811 -0.103382397542 1.14572576477
45 0 1 1869 5.36810778968 -0.0774219479523 1.10529153594
45 0 2 1764 5.38580863862 -0.255039049651 1.19646243195
45 0 3 1786 5.36761523406 -0.161329946879 1.27753364429
45 0 4 1766 5.35092796063 -0.16012622273 1.21280229394
45 0 5 1810 5.44812062228 -0.80395855273 1.16309596344
45 0 6 1711 5.35702618927 -0.268774697071 1.45518764727
45 0 7 1782 5.3411079243 -0.200275624706 1.54427710026
46 0 0 2086 5.4114468 -0.207763532168 0.908828611527
46 0 1 1967 5.35319768913 -0.175282210243 1.16738104573
46 0 2 1980 5.47180134597 -1.00727029335 1.1896731757
46 0 3 1991 5.32508462469 -0.198855899669 1.18091929337
46 0 4 2079 5.37695296606 -0.350371675216 1.3084856771
46 0 5 1996 5.38352137919 -0.218162402198 1.24611847467
46 0 6 1975 5.32641190623 -0.39062405761 1.57390388452
46 0 7 1965 5.31268139644 -0.236379784429 1.75302520234
47 0 0 0 5.486 0 0
47 0 1 0 5.486 0 0
47 0 2 0 5.486 0 0
47 0 3 0 5.486 0 0
47 0 4 0 5.486 0 0
47 0 5 0 5.486 0 0
47 0 6 0 5.486 0 0
47 0 7 0 5.486 0 0
52 0 0 0 5.486 0 0
52 0 1 0 5.486 0 0
52 0 2 0 5.486 0 0
52 0 3 0 5.486 0 0
52 0 4 0 5.486 0 0
52 0 5 0 5.486 0 0
52 0 6 0 5.486 0 0
52 0 7 0 5.486 0 0
60 0 0 2083 5.44066240933 -0.115711247092 0.357788495627
60 0 1 2111 5.42478754923 -0.112928286498 0.466964867235
60 0 2 2050 5.42376409738 -0.185917440738 0.642277020737
60 0 3 2062 5.41864321351 -0.182585621949 0.545258081586
60 0 4 2004 5.40496422677 -0.170751878584 0.622803488955
60 0 5 2103 5.5047318333 -0.38856060699 0.565758214686
60 0 6 2084 5.41731115053 -0.206646914487 0.665770128182
60 0 7 2030 5.40490813114 -0.167379722835 0.807542030261
