# det side strip n_points intercept_left slope_left intercept_right slope_right
11 0 0 1 0 0.0010944606697 0 0.000982222428818
11 0 1 1 0 0.00110613655439 0 0.000970374380457
11 0 2 1 0 0.00106955286212 0 0.000992487348015
11 0 3 1 0 0.00115238192092 0 0.00100364156677
11 0 4 1 0 0.00109045096251 0 0.000987814044041
11 0 5 1 0 0.00108080351926 0 0.000965720696495
11 0 6 1 0 0.00105229276094 0 0.000978895185153
11 0 7 1 0 0.00112742129143 0 0.000977747104933
44 0 0 1 0 0.00104093269793 0 0.000840786810679
44 0 1 1 0 0.000993000972389 0 0.000846014837576
44 0 2 1 0 0.00100470155241 0 0.000860945424594
44 0 3 1 0 0.00110098752647 0 0.000864238743626
44 0 4 1 0 0.00133613158357 0 0.000711104205113
44 0 5 1 0 0.00100681473476 0 0.000844079424518
44 0 6 1 0 0.0010282472982 0 0.000835698864396
44 0 7 1 0 0.00163776295256 0 0.000592216190135
45 0 0 1 0 0.00102615575683 0 0.000879027076748
45 0 1 1 0 0.000991431050592 0 0.000855160685532
45 0 2 1 0 0.000980074942989 0 0.000839354134415
45 0 3 1 0 0.00108692240941 0 0.000852968576931
45 0 4 1 0 0.000971809390657 0 0.000855835037827
45 0 5 1 0 0.00122794012314 0 0.000710752414699
45 0 6 1 0 0.00101629894248 0 0.000845254944914
45 0 7 1 0 0.00105408432581 0 0.000841406643385
46 0 0 1 0 0.00095093822714 0 0.000861549609532
46 0 1 1 0 0.00103420412261 0 0.000847416784753
46 0 2 1 0 0.00130072247532 0 0.00072640511683
46 0 3 1 0 0.00106497138935 0 0.000861432351933
46 0 4 1 0 0.00103035419347 0 0.000845465311718
46 0 5 1 0 0.00105871888929 0 0.0008411342045
46 0 6 1 0 0.00106707017516 0 0.000838217851064
46 0 7 1 0 0.00110635364501 0 0.000821438305832
47 0 0 0 0 0 0 0
47 0 1 0 0 0 0 0
47 0 2 0 0 0 0 0
47 0 3 0 0 0 0 0
47 0 4 0 0 0 0 0
47 0 5 0 0 0 0 0
47 0 6 0 0 0 0 0
47 0 7 0 0 0 0 0
52 0 0 0 0 0 0 0
52 0 1 0 0 0 0 0
52 0 2 0 0 0 0 0
52 0 3 0 0 0 0 0
52 0 4 0 0 0 0 0
52 0 5 0 0 0 0 0
52 0 6 0 0 0 0 0
52 0 7 0 0 0 0 0
60 0 0 1 0 0.00105496561266 0 0.00102945917097
60 0 1 1 0 0.00113739791094 0 0.00100384467595
60 0 2 1 0 0.00114272137518 0 0.00103970002045
60 0 3 1 0 0.00120728937866 0 0.00100974749496
60 0 4 1 0 0.00111360190137 0 0.00100071405345
60 0 5 1 0 0.00123940755997 0 0.000965751247195
60 0 6 1 0 0.00111604902939 0 0.00100204595934
60 0 7 1 0 0.00120304014322 0 0.0010234760155
