# det side strip entries intercept slope
11 0 0 1791 0 1.00166509102
11 0 1 1860 0 0.996874763036
11 0 2 1818 0 0.996966915255
11 0 3 1782 0 1.00075179122
11 0 4 1847 0 1.0001828574
11 0 5 1794 0 0.997126703314
11 0 6 1743 0 0.999487565176
11 0 7 1800 0 0.996753707982
44 0 0 1770 0 0.999135196072
44 0 1 1739 0 0.999858790722
44 0 2 1738 0 0.999732950476
44 0 3 1775 0 1.00024061387
44 0 4 1730 0 1.05309903726
44 0 5 1707 0 0.999247651774
44 0 6 1705 0 1.00068340126
44 0 7 1796 0 1.13550217859
45 0 0 1880 0 1.00132348286
45 0 1 1869 0 0.99925436955
45 0 2 1764 0 1.00038699395
45 0 3 1786 0 0.999989083666
45 0 4 1766 0 0.999395001134
45 0 5 1810 0 1.01880122032
45 0 6 1711 0 1.00046722329
45 0 7 1782 0 0.99998672365
46 0 0 2086 0 0.999579908161
46 0 1 1967 0 0.999049779433
46 0 2 1980 0 0.991924693946
46 0 3 1991 0 0.999563187735
46 0 4 2079 0 1.00031235857
46 0 5 1996 0 1.00057754845
46 0 6 1975 0 0.998547282113
46 0 7 1965 0 1.00067623627
47 0 0 0 0 1
47 0 1 0 0 1
47 0 2 0 0 1
47 0 3 0 0 1
47 0 4 0 0 1
47 0 5 0 0 1
47 0 6 0 0 1
47 0 7 0 0 1
52 0 0 0 0 1
52 0 1 0 0 1
52 0 2 0 0 1
52 0 3 0 0 1
52 0 4 0 0 1
52 0 5 0 0 1
52 0 6 0 0 1
52 0 7 0 0 1
60 0 0 2083 0 0.996997236794
60 0 1 2111 0 0.997283875603
60 0 2 2050 0 0.997014571237
60 0 3 2062 0 0.997068284686
60 0 4 2004 0 0.997002312414
60 0 5 2103 0 0.997078735513
60 0 6 2084 0 0.999169797206
60 0 7 2030 0 0.996749780543
