# det side strip entries intercept slope
11 1 0 2848 0 0.00117788707594
11 1 1 3408 0 0.00118194798564
11 1 2 3820 0 0.00118529141177
11 1 3 4407 0 0.00122408679566
44 1 0 2810 0 0.000961202423952
44 1 1 3311 0 0.00098182276242
44 1 2 3697 0 0.000977103649435
44 1 3 4150 0 0.000988681596077
45 1 0 2692 0 0.000949609989222
45 1 1 3392 0 0.000970173247322
45 1 2 3935 0 0.000977925733032
45 1 3 4344 0 0.00101238250589
46 1 0 3011 0 0.000935020305468
46 1 1 3553 0 0.000942363840938
46 1 2 4437 0 0.000974063375037
46 1 3 5080 0 0.000978179029369
47 1 0 2 0 0
47 1 1 0 0 0
47 1 2 0 0 0
47 1 3 0 0 0
52 1 0 0 0 0
52 1 1 0 0 0
52 1 2 0 0 0
52 1 3 0 0 0
60 1 0 3184 0 0.00111943367072
60 1 1 3698 0 0.00115649629584
60 1 2 4515 0 0.00116383234144
60 1 3 5128 0 0.00119134116611
